901
4871 20
2030 72701 17652 10014 68337 98377 66996 52743 50357 18945 920 12492 55914 58146 79041 42134 17164 83073 11543 29616
6897 19
10856 87937 6564 95402 54263 75602 56907 83304 28038 14860 43423 73295 16476 3932 71074 37550 54084 48793 14925
8738 17
36519 68221 33701 69069 92795 485 34438 89237 88550 10840 42857 20614 41936 1081 2052 46844 47390
9829 19
21391 51779 83501 67231 47315 88487 86822 64120 70861 56041 77453 3990 11205 1070 47730 75869 32779 97558 20136
8728 19
47730 71936 35881 73194 50050 72584 65433 10134 74374 81479 69082 15654 18116 87702 32405 56671 35203 33260 74978
4705 17
37941 19051 26982 29112 66365 33664 92431 28939 95102 71928 27498 46654 58350 24661 15961 51664 9691
661 20
32402 50977 44823 66405 55860 15297 46618 86001 15973 83190 87312 48941 25973 5110 9112 49350 41272 77606 31489 26557
9772 17
10161 34725 63725 90925 70656 12919 20394 71956 77264 95372 10639 52743 1331 18994 45682 41179 39849
7281 18
4425 3009 27077 35664 92440 39968 8971 53518 20628 12771 26693 15340 87511 88047 83800 33026 74003 64213
5724 19
83428 8025 63547 24578 91251 64761 12844 53478 13122 19536 3319 89956 43701 21401 4331 16663 9003 93722 72830
8758 17
13373 36492 5445 74958 57507 66675 49244 51760 88026 68057 18403 45583 17985 24925 60299 77120 95727
8917 14
38007 40941 14901 65614 61097 60134 22365 3456 32911 10177 42526 6604 18745 39083
5134 15
77120 62796 73307 68890 41570 78271 91032 98153 10421 97582 79664 41345 93992 97031 6727
5023 19
87136 54788 13803 42712 73933 32205 31201 57179 5825 82184 8667 50887 85676 66078 44869 71227 90649 72850 75447
6063 20
51504 1266 67848 67622 9218 48962 95598 85987 91877 5828 41516 50947 96428 78200 36058 54575 9552 79788 66962 28199
177 18
38787 41033 58838 45612 63728 35086 74013 722 79625 32108 68856 859 58466 24856 56212 56541 95196 86060
7819 20
42215 86604 53006 89224 39170 60221 58040 71839 37514 88097 32704 85469 45905 47416 86747 21414 20549 58796 8183 1367
7327 17
7209 97546 62968 85856 66385 91198 91892 69788 50738 80916 72011 10089 23059 56397 89861 5377 2444
8696 20
78115 87902 89554 2284 66416 38304 5076 44776 77630 24855 45104 82577 86267 94634 82092 3876 42488 17085 65791 35619
3679 17
77953 64846 53944 30290 39446 91484 15648 54193 8895 43919 73279 49586 33897 73820 23169 20209 32628
7491 18
75423 25513 48935 60681 29611 32661 24104 14389 39338 8221 6316 67568 70505 89044 39743 43424 69142 21049
1356 20
89796 13975 66975 57786 70779 73445 74453 63860 1718 61543 56979 77787 49706 83283 7850 40507 15920 52190 98328 74656
9092 14
56179 4727 33002 59636 14736 39395 83350 70866 52279 14305 50047 43902 61446 27133
2044 20
73699 34336 69029 25945 90947 89068 27066 92294 64546 63723 29958 71861 39554 2766 63471 69976 7230 59429 84863 79761
1023 15
55186 9084 97587 61112 83452 43370 97098 51587 99039 27354 10828 30515 94739 85591 89160
4460 17
95798 76084 43208 98425 8319 25169 69675 54694 56836 42973 21702 12804 35789 51201 36327 82131 96436
1634 15
24468 75776 15323 18305 87092 5282 48779 69902 57740 2981 774 90605 34392 42058 36241
2737 19
31512 9560 33748 77444 40330 80130 78710 3325 35484 13839 1780 46156 25708 3905 43703 64827 89450 78758 87118
2415 15
74055 46548 36089 83554 42484 86608 4557 95638 94287 17257 53402 27490 17962 80257 45738
198 13
79943 42091 38878 11316 19029 3333 64023 9872 86139 37953 36870 46140 40934
7709 19
91415 56021 23021 58854 37972 78733 53259 9816 6194 80735 28069 69407 67654 71892 88615 99195 24499 70512 17174
4924 18
48782 59889 13354 56151 59614 93078 92541 33792 99110 66609 87012 66797 66749 6532 21951 44115 44645 71417
752 17
39254 81483 12133 30917 26416 72792 61302 93744 28446 55619 91548 94303 43031 18064 31700 70551 16350
6253 19
9713 96307 81202 25956 10342 43682 77863 51490 43797 51545 71436 98882 66108 1822 51496 56995 98355 83025 34810
1161 11
83258 31630 45754 47289 57095 35684 50715 6615 24904 41509 17614
18 14
74125 52255 73308 35169 74997 75224 98878 52395 80302 56601 64396 69057 55842 29586
1949 20
96757 2883 99572 7767 5658 71256 75188 99686 18968 41367 82966 98832 24096 52845 29512 1416 46254 63589 77607 21318
4386 20
55589 2757 41057 74910 53983 50686 8144 1441 63486 76411 70149 51286 25605 55159 58984 51559 81146 27770 41768 20278
5390 20
41258 80485 75021 26973 1629 61675 41223 6763 5053 46059 37734 91957 96555 98409 9937 83944 76674 65140 41659 32506
555 17
28172 29929 79265 35007 22635 81758 13054 26049 11256 47424 29340 57518 67932 52560 83947 37310 52206
4074 20
47160 33235 7282 75565 87003 87243 22232 99133 31062 87114 92803 60749 95431 2184 40629 71391 66165 39999 15039 95481
2541 18
41831 96147 14967 25662 98796 73929 12038 12444 59039 29965 54239 57554 23352 5197 32094 19302 43459 79040
5707 18
85162 88993 77110 49598 24447 46879 73003 55450 1421 29307 69918 45800 52522 94206 10591 64178 76052 82908
7407 17
58136 99915 88573 65910 56070 90246 84012 18397 75113 46170 5091 71967 41471 19051 17054 72956 64217
7989 15
6800 80808 33147 39418 31099 86559 12877 4181 95793 46347 22925 34694 25304 46874 92114
5348 19
70428 44219 22038 21795 60666 42335 27669 9820 75228 16521 44592 30371 30289 63951 43951 6144 37958 92159 2519
8226 18
97687 39729 1636 32778 94548 80110 55921 32452 64000 42020 63151 23282 1389 67199 39877 62583 89734 91670
7104 18
13281 80549 87687 92978 54403 26014 31313 6640 11303 88759 14464 50761 86511 71194 2984 72320 61556 52594
6235 20
78483 27975 51514 89434 21213 16201 67868 98310 43368 2510 20599 54675 89751 33564 14188 85956 10813 74048 23126 44347
3938 12
75092 38662 68684 83826 20791 43547 16110 37595 70893 59885 92820 12180
9053 17
40703 55265 47051 85879 16455 1638 76721 5886 60614 21702 87880 89802 22199 71014 62941 99762 5280
2652 17
65446 91425 46407 63606 63502 15734 22805 76209 31093 65834 67212 81516 65701 44178 48851 9734 89908
3854 19
84046 80787 23466 23882 36681 28893 69562 27739 92790 34562 55034 45850 76913 20817 94929 28622 32246 6534 2245
2380 12
75099 65802 29106 42369 37395 90457 11146 12664 83028 6118 11550 96137
3483 19
909 87024 42098 87119 94004 18848 30642 1098 69536 11010 38455 72828 94901 88637 90279 37523 91934 82304 51336
561 17
97761 8806 97800 85188 8987 72772 25871 51002 95256 53763 58923 74585 96955 51720 62468 99897 81332
2939 19
20079 21792 58811 34818 82135 60020 48044 49061 94255 15294 71221 44832 11719 86735 38351 45175 43139 83578 92297
820 19
83119 52153 81969 20672 17999 54419 60338 86250 82097 8452 97361 88971 66360 9376 44633 27479 44370 30251 26664
9566 10
48216 52477 65721 57624 60741 85657 3302 76358 44518 41865
5555 16
44824 52666 43089 53231 77368 72557 43114 88406 41617 5128 40617 48511 3773 21604 26780 15588
9027 15
66363 32154 7881 80014 65327 87363 33279 57018 16771 672 30917 7339 65839 96865 58873
2017 17
59125 76967 94563 23740 17264 20243 3036 97604 29367 8443 14595 57327 67785 74179 5622 75426 62087
1864 14
46864 80808 30623 94551 78112 35086 18625 33943 54703 43957 34568 96511 52248 22717
5857 16
94779 67607 86694 72811 22716 58643 32808 7444 25390 6504 99699 85184 65193 44471 76320 40680
5345 19
97852 94530 11138 860 24450 17624 72349 36536 31374 98257 56301 15602 62392 13629 32964 90912 95436 89116 30131
5064 17
31266 92927 57941 45071 55912 904 58186 36767 51920 14305 56560 84578 65751 1436 23729 43448 76181
7193 18
84847 45085 71752 53826 82055 92266 87526 81187 88975 69087 21857 85721 69289 57697 39397 28134 59092 59466
5771 19
93188 79899 33122 86501 54432 64988 49265 93974 1209 75809 24242 59863 72219 3612 61655 28069 33987 66534 99914
1004 12
19231 2399 70011 87426 77426 71234 99535 40950 24346 62479 71759 7509
7511 14
8434 71537 75046 76480 77109 61640 16503 56141 33910 60278 59683 31358 7833 86698
9847 20
37905 81346 76930 67470 25360 86436 98774 40102 90236 83320 31148 53569 85170 96190 49572 11764 83562 51583 42249 34886
7841 19
29245 48987 91832 72893 59880 51679 32406 53855 34294 47100 18316 29602 38953 17413 24318 13603 73346 40280 92195
2754 18
51675 71756 98693 65435 64367 86571 69218 64036 70011 64840 60594 35310 4700 65303 63882 81834 47424 52108
6976 20
97119 92699 89120 26150 60936 69510 34239 81336 64849 32712 92586 56081 11231 2163 74902 66507 80822 33516 97336 89056
2786 14
37310 15562 25368 10714 34993 53376 38790 27246 99560 88803 55427 72419 29626 7537
6441 16
68267 25434 78139 69323 85948 72742 48752 2647 34475 88836 32392 89384 9868 5683 30909 74361
8124 19
42355 74777 73964 77569 17381 96909 63901 20796 9262 47515 92010 93906 69653 91445 16017 24203 43674 64953 60124
7179 18
37668 38619 45570 58721 59713 53577 46987 22200 95940 64217 35544 68807 47013 2258 36250 41291 22705 41750
4395 20
91034 80554 93784 12772 14023 97933 48010 94303 66605 84928 91851 77725 68609 78663 19596 82899 90725 93942 9978 69050
165 19
6338 81958 82111 70232 88798 76135 77356 77458 91426 29967 71402 78600 56855 37089 51720 78531 28355 57068 33518
7984 19
59248 38861 6981 60574 44930 98660 88120 96995 83098 57104 40900 56008 27980 57279 97991 55615 91557 78896 7690
587 12
53810 14665 9451 55872 89899 5159 73207 95174 56129 43069 79343 80208
7358 20
34271 67570 63957 51487 46203 41726 34122 47834 46729 8226 59605 65508 81543 65619 45114 88944 30585 36550 6016 81897
7175 12
23413 28230 17709 39305 4082 14897 68888 66907 55577 75263 96386 28784
1653 18
28095 32573 57035 28629 94978 13447 91818 93600 23427 38343 94606 53375 37098 85842 96842 98634 29400 28621
414 20
35170 13209 4391 134 82540 67594 78367 58203 55000 75477 12491 43849 61099 47195 3857 98692 72431 30257 11876 57632
5002 12
31469 79583 79017 4951 62394 56284 62072 74901 23352 18834 26815 10707
7368 10
15296 83691 18208 91433 10925 11093 67270 40763 56298 14375
7630 15
2334 64382 47513 20506 37838 60555 58172 7311 1471 23548 70287 92006 82939 79061 86198
8449 14
8130 20646 14558 63841 45138 150 18333 28274 88496 1067 39740 80146 79160 6551
7075 18
17920 92755 27107 26973 37195 80133 29624 99835 91201 88983 86304 69741 2387 71055 92121 52111 66289 753
6342 19
78035 15146 54197 7859 72245 56610 17891 66637 55491 32670 14438 82294 92024 83420 9810 40639 92418 69395 21926
1985 20
36762 61947 52897 15175 55034 46771 85728 71188 21684 44967 17474 21898 79703 53075 75766 77460 12654 50199 21711 72046
7344 17
65945 8712 81481 66432 46076 26817 77416 22816 36586 3380 61206 48724 91488 77088 90169 10626 12714
4592 16
7033 62166 22756 66520 50130 71248 99838 22769 32609 2737 56565 94241 11984 73461 67041 128
3548 11
69461 7620 85798 40089 72581 98495 62046 18494 15037 49240 43615
8839 19
61444 17418 62467 81713 73517 4964 25978 80409 79479 13780 76776 15830 24954 30601 66404 25692 93992 11548 48420
7833 20
55296 81100 65603 48921 951 15040 28929 82706 13335 28263 6455 25955 77924 17284 96292 76171 27970 13413 80729 75439
6185 19
50605 47875 49168 10957 1550 80553 53631 4259 81670 64503 92901 26521 13777 85140 43886 88182 75533 39140 94908
1659 14
42808 56181 43695 76475 6279 19804 50300 75181 53843 17025 55938 35568 66551 60276
2276 15
60061 80809 22235 88880 59168 28198 83080 16594 40974 53887 39529 50057 43859 75298 49600
627 20
49106 41993 38799 94802 52170 6016 39432 61874 20137 46427 75802 47618 18989 92874 13907 60226 60962 17668 76493 74570
5804 17
51893 48473 99751 41712 90819 68128 34521 94485 8105 91571 62289 62136 22763 8102 5917 30618 4467
1967 15
92869 40905 73638 33135 44470 26335 8369 58156 11981 86026 40595 82135 43927 5236 43534
2312 16
28085 85350 71048 49408 96364 94581 98469 13823 13730 52696 91794 59775 81542 57537 68329 36522
6241 18
86442 48146 36531 74814 61451 21600 40462 13562 54471 66639 31889 66575 25240 40351 88617 42960 12416 98014
1617 15
77589 91605 29324 91056 29606 26184 2333 19774 59984 47934 28758 90550 93865 3912 70432
2942 15
86813 73004 25245 19722 69898 62440 5417 81564 54930 90045 39100 6497 23015 82493 98932
4589 18
15019 16290 25544 7474 96657 21652 68905 96842 37167 42443 85547 13094 65364 57543 69690 63137 60847 35659
6871 20
12282 80127 74736 16615 59306 42836 31515 36149 47629 40071 59246 87851 75548 74615 599 13601 39044 66013 67662 21581
667 15
6328 65505 1529 42355 37390 92353 85898 76211 84084 4430 6330 6535 28636 42870 49708
7734 20
96541 90738 95387 47672 95683 108 25989 70372 27975 41152 16254 59922 23806 42257 76638 73853 12479 10068 92277 60539
1351 11
59813 36129 21165 47154 91501 89302 36187 2942 28930 19843 31055
7839 19
99122 13704 25222 33645 66130 26812 60653 33866 80364 53652 56161 99997 16484 67734 4628 25682 74508 24635 94038
4059 10
95569 23918 3166 62569 88056 86716 50230 36425 12229 19054
7243 17
50324 77263 91025 92712 30369 11852 42008 83823 50394 41457 36003 24818 43122 76394 27950 57434 60513
205 18
59987 35266 85922 36301 89409 38482 28752 66489 15899 5036 64997 81965 8895 54398 17610 48013 22789 67607
1045 20
21886 95978 25087 54028 20566 63622 77344 87873 20595 43439 90560 41485 91949 49560 29992 56316 44114 38313 39892 17105
5635 19
86870 57236 85062 58156 94606 60210 76916 25642 43377 23086 32143 71504 37473 54205 61221 50090 72732 21248 13394
3953 18
19290 64015 64680 78057 95955 5704 32155 28280 11603 54495 80813 88667 51407 15550 66720 8169 38261 95826
3742 19
45008 10046 19787 93305 53473 12235 27890 38617 57230 24138 70768 39609 40542 43408 22010 98741 38515 34927 90056
2548 19
75343 79523 74100 28728 94111 33891 86674 45656 52917 4499 84796 32195 13294 47803 86711 32726 55805 57484 27691
4037 15
14868 57868 36940 84441 56820 37484 90516 15345 47427 79528 98773 10238 25943 81436 54646
6885 16
85859 69466 6480 82690 5015 51407 57256 92336 37539 19537 55405 27088 63259 66579 6488 17732
9985 19
4521 86708 46976 18118 81477 71651 94829 31641 352 44342 5474 95315 57997 35989 81469 27065 13262 39791 43277
4112 17
7423 49884 27645 88453 65305 35584 68058 8967 30218 8516 95395 20577 72854 13957 67144 572 46917
4138 19
41421 97831 6958 45568 92204 74424 45495 67693 16048 57000 37046 7028 57207 96595 34073 55497 17444 68663 59332
5171 20
49129 98516 53013 16578 30835 72316 8111 57161 58294 35832 10543 80163 52278 59834 22050 83485 32968 72825 31258 71222
3025 16
2813 12837 78860 62511 39219 78581 795 25569 89152 75910 10714 13068 16177 23992 14804 33754
9629 17
1721 50041 51633 88717 63036 76914 87028 69054 8705 60819 37812 56195 30591 29531 18160 13258 33547
3981 14
4900 21890 11556 51948 47001 53195 8408 29189 34633 29157 16378 28564 15513 24824
2819 16
66875 84230 53398 84131 73219 3543 37410 94870 11173 49564 70051 30728 43177 37738 43189 75810
322 14
37233 86071 24630 41345 52127 98762 96607 6746 22915 11553 72500 26229 65870 47789
8095 18
93111 4572 56953 59218 80424 6228 47435 16669 66163 28981 17722 22232 92161 90214 55875 90909 73611 13218
6416 19
20964 45119 74318 10699 15413 47968 99308 52550 95684 5425 90005 81253 10158 57172 16620 66830 56390 31915 92349
2994 17
10665 50273 48952 1889 89280 92299 92873 43842 28101 42543 79064 63097 61227 8702 95636 18592 30713
1283 18
45905 87663 78912 89194 38825 96458 99157 18163 65797 61184 30634 43971 21454 18667 50561 9751 29280 34956
2131 19
70660 28303 83882 39127 58267 96149 49793 35568 98680 40821 96117 57250 63610 32293 5323 4950 30118 99241 60033
3991 19
20429 49440 19820 84748 59533 46311 14661 965 47613 53412 74394 13418 60091 89303 14943 76039 18276 63001 90156
9423 13
23440 36838 90895 49658 45286 36085 29518 87100 54992 22882 73513 5340 12736
4709 15
5092 2950 47659 23260 17018 22896 21958 32335 2618 99818 99015 56521 83375 95146 48454
7967 17
40555 59764 43138 81907 82680 20191 3249 30594 70732 58473 76043 48520 96830 71696 85309 87274 81258
4439 18
99588 30114 9881 6785 10386 39744 40174 42593 13903 91600 54368 20796 11204 75100 24579 72389 75771 65954
2830 20
81508 74125 69904 11521 17347 2023 62515 66058 2816 52506 27169 22923 3571 73779 85802 24754 50999 43765 93477 65030
2991 20
18985 465 35481 37961 11800 80187 90602 44075 37044 38343 69656 36568 5604 3424 85266 82300 71546 11897 16259 60312
4979 15
52596 5945 98510 69293 55331 9990 17766 82888 68539 57151 77280 34099 37300 52458 18678
8791 19
10195 67079 7772 68515 95022 27407 77912 58323 89708 55805 99958 70762 86695 32205 5851 40812 91907 7524 73654
2440 12
95621 44569 17250 48961 38466 95859 273 51054 29022 32503 36019 52280
6006 14
47446 18745 60527 84040 82593 86144 44847 22513 8714 91153 80012 1566 24682 70357
1596 15
29111 30880 76098 25014 11141 43430 79620 2125 15116 19531 75356 5745 60540 66979 99733
5065 19
69453 71471 40458 28703 77520 6870 89812 63892 99038 62380 9950 28614 32542 71880 20130 3096 311 75917 99758
7512 20
25400 60390 63912 8122 88722 76456 26310 64121 74 45226 50160 50060 13473 35094 64757 90572 32530 2705 76140 93792
3525 19
88124 28338 99793 90138 11729 22992 5122 54655 4701 60690 89782 97816 9648 39839 53202 72796 80204 26248 33222
4193 12
58278 52011 29869 51587 82470 49397 8596 34675 99564 97482 24403 16068
8330 17
75340 59117 55804 35551 17885 27438 86200 45963 63306 80067 62001 58250 48779 30160 35579 19806 91846
5849 19
44926 1608 45652 11766 15196 2889 45671 45274 15950 49834 79817 13806 97553 19152 80951 99523 75944 80858 89578
8628 15
10086 92518 72673 90841 70325 25297 58598 31738 19720 15373 47784 63623 78777 44180 34688
3612 10
94125 25134 22854 26970 75570 74097 12164 16598 15834 60652
4626 16
43299 59185 47575 40041 12639 72668 5799 27547 93171 61425 41373 5871 47208 76669 55430 31619
6924 20
63846 79444 74130 11872 99091 74778 26289 72444 321 35243 437 21608 17326 914 28224 79063 85194 52515 71058 72342
8181 19
29408 56597 39996 80560 49564 45999 23141 7259 52171 56979 37489 82963 83126 59532 34337 15098 76450 74272 40430
8366 17
6347 65423 48329 85671 42380 53228 10967 83581 42059 38146 69000 90808 57116 28568 92987 83744 87384
2138 13
49068 70282 5474 1663 37049 20154 43595 76670 25805 15015 4045 59919 59528
5020 12
11335 70976 24078 28296 61717 97385 72364 23908 84053 34753 56306 71679
9080 15
62283 65491 62624 82772 22636 71727 27874 25423 34134 61045 95328 10837 50566 88381 36678
6997 16
87233 789 78792 15745 19589 15852 87668 89931 72751 40161 28159 29304 66150 17992 5905 98688
6338 18
3993 85867 12190 73241 24605 68607 99700 84191 87196 87956 60792 95615 28228 45550 14542 97460 90076 50679
3967 15
78743 3934 82439 98150 5029 45867 58643 78523 81836 65345 16002 37839 37267 89256 9551
5107 10
90546 25261 91670 16207 26124 42282 99782 74495 71935 89436
479 13
65438 4191 98692 31568 90023 15992 9176 95650 15780 77731 70053 13011 95716
3134 20
66699 85767 85527 57795 24736 76660 34373 57609 76719 79014 96407 51206 55714 49408 35068 67351 48041 34939 78031 56152
2882 12
24478 48828 6626 65860 34082 83698 7897 130 34255 78934 16292 54090
8178 10
50677 96730 40020 81080 45833 50605 40436 53621 4923 9401
3229 15
25510 43248 45433 45081 99601 76434 43290 65445 96380 14939 10429 60149 9100 74019 35511
4319 12
61789 49885 5288 67521 7365 83203 28815 31577 88250 24612 92950 64662
1618 20
59773 27330 89628 41190 2216 30016 36 37148 30245 52505 81907 16210 19733 87687 39408 98289 97250 43601 59552 34808
2904 10
91335 42921 60058 54135 55723 31835 27446 19713 94923 43181
5558 17
43492 489 84504 57283 52752 85980 81428 55631 98107 79856 8906 25135 80896 69716 23092 73892 13453
8591 18
31112 79328 4367 92938 49613 30074 31632 64419 60267 58214 10379 2595 50910 94483 78446 84079 55863 60237
7658 13
40645 82620 48988 55638 47815 6353 25826 25900 62112 31242 16453 20970 8891
3428 20
71379 61709 87468 25787 56796 47401 63123 53296 94797 49856 36727 39161 44929 69864 612 28439 51354 97430 49358 88298
4380 17
44273 46072 21474 20565 45042 20263 43103 42963 66833 61185 93492 18963 5229 52213 11324 38621 82752
81 12
50891 10508 40496 36541 44840 46586 13133 83633 31915 62136 50496 84897
1229 14
69387 52749 8896 60936 11794 63469 79141 89893 42863 76472 90096 11142 79616 50904
5971 19
38344 74513 26586 66882 33269 37400 29132 59170 46878 22971 89985 48281 70249 29902 30555 36326 22135 17058 83747
3091 15
37800 50612 86977 30466 5660 64373 33403 24479 33875 11278 78266 8607 29249 90370 57247
5761 20
13204 77951 58848 9465 70757 22202 82127 19707 51586 10195 7101 90546 84117 49440 59747 83633 90886 17367 82537 58793
6370 20
34253 25601 46583 84683 40362 91160 37690 33734 3501 88380 60385 93870 48312 427 43840 18097 94898 32239 32566 93433
1642 12
44640 40340 90029 33251 32091 39035 3529 80174 60376 28992 60189 27676
5931 15
40080 27522 96836 49678 33896 96216 49252 25042 44063 9728 65322 45909 99511 71799 17093
2161 13
54735 33316 90603 42313 77726 11177 35535 85231 8541 27813 60933 29731 79403
6215 18
14576 4949 11421 94148 4744 67089 16553 2140 56408 45216 96662 94517 24129 23386 52762 49415 29973 17113
8902 19
45574 63862 94621 33301 37332 42818 45112 96807 24014 60157 40132 51948 22065 22675 38268 39516 18407 31122 32830
6517 14
99325 82125 47637 56846 96553 30237 48405 15326 77181 21435 94997 54157 68098 69713
4231 18
37715 33514 24035 21764 22830 93013 28 7049 48429 52359 90565 26108 96225 81509 6070 17548 68464 83453
399 12
92949 5704 36203 83483 72616 86560 59660 5660 58319 55849 16700 44405
3470 15
83206 98740 56067 46955 77800 23632 20558 78132 20222 41087 73037 33836 44068 88324 72116
69 13
5808 51531 61912 84681 61389 65739 68154 92147 11810 24952 86023 35067 52387
7644 18
43396 89347 14944 11830 62560 22370 14114 43063 26476 7510 79845 51970 86800 59212 97054 71355 37473 69898
8521 20
55003 45102 83416 9525 14317 6293 49863 98065 3523 5922 53094 72412 64176 86374 94592 52981 92700 75115 86004 66555
2798 19
46101 51701 39151 5547 24639 13972 90997 55073 58337 62930 2298 36023 28463 74714 25320 96876 7485 79291 3363
4563 15
90525 98262 9803 13028 34839 57610 60440 50753 77888 23443 89260 77153 72835 33076 4685
1777 13
45429 13881 12267 45486 18594 93435 90073 89216 12658 43822 96529 77184 65113
1899 17
20237 23284 54589 57857 1716 9339 42150 3380 25893 93748 60303 62989 27669 32672 58204 18414 38591
1927 15
40567 33481 27236 77772 23729 86437 23592 32340 57500 91736 3347 45031 37925 73243 25473
5818 19
1281 66216 32589 59170 35342 6644 55359 84011 40475 14283 51908 98400 20394 72617 91785 34960 10087 70993 63941
8482 20
81431 70288 61594 57165 96977 84574 56376 78597 63112 35307 37324 79819 15793 67501 80066 73754 10884 16809 48488 47033
7803 17
27483 44789 37234 12753 77821 22727 54908 49077 15174 29809 71749 37021 4527 64949 2896 84449 74195
4847 14
18218 15764 49101 11089 85766 43682 78893 43770 28196 16173 86820 81475 39814 2851
9508 18
75059 34392 76912 98168 40741 12510 85823 5450 92230 97289 14879 78213 11493 7592 24235 85016 97151 67267
349 20
71808 55168 45706 97265 99807 20469 73350 18167 17897 39545 92378 87536 64201 83215 56492 34171 10212 93253 59352 49971
4893 12
4774 45773 29853 37160 93129 30105 96674 77511 30989 28005 75560 56984
5890 13
60359 6903 51014 74252 45170 59698 87132 54564 21789 38068 21303 2906 86418
1661 20
11558 24511 61243 86486 85544 24792 35534 52131 38934 88907 99581 78657 51298 31834 63329 75322 41620 39745 148 54200
3944 11
340 64848 72868 31687 24737 21773 20268 39648 71849 45395 31866
7838 17
34154 11511 44970 81182 34832 32256 3645 41456 80912 59223 76370 4101 23441 10875 67961 44332 23853
794 10
19230 81411 19564 14396 74291 19740 94453 9991 26937 64596
2469 10
87765 27590 9735 60170 57522 1645 44522 67973 87022 97430
1996 12
67027 24317 34632 30382 69113 83088 40074 15683 63868 26562 73587 33775
7261 12
65000 44155 80930 88509 78525 56593 69987 42784 11531 1049 9894 19734
462 16
65678 76817 11995 12322 92412 36722 96865 84319 29109 82077 45164 88288 31505 73681 72407 36094
7280 15
6392 24479 4380 1658 35081 86327 93565 2535 88372 5917 5116 55355 80899 35778 38742
1241 19
64170 34500 58465 30381 38480 32832 7283 90313 33262 99029 22364 31753 35438 47856 86125 67054 25953 29536 6017
2890 11
87869 58072 4120 8520 53382 59460 60955 58257 55383 64427 58129
4170 18
52006 62841 84045 9654 3723 1918 61321 78045 39584 24690 83717 80354 56800 21707 13380 62164 22287 8546
2590 20
45069 5742 83513 97615 78111 66541 34053 59603 81087 45635 37688 54953 58315 70859 24522 29997 90452 48875 42927 43951
9100 16
26345 72373 1905 41747 79050 67500 40503 14179 59863 28665 48829 11852 24333 58793 6610 53450
92 10
76538 42710 9131 37274 20672 73669 33545 87154 23932 57354
6893 16
80312 95732 6665 95392 75829 22537 47292 47187 69038 84211 96605 25011 80059 4230 86137 22644
8180 14
65147 95481 61325 54818 9612 47789 28946 41992 78188 2533 50585 52039 98201 75155
2655 20
55319 84924 20397 57456 78284 69053 83632 90550 46808 81355 64957 79903 5767 16138 18033 33581 29910 80016 89725 68865
8617 14
58113 27336 12078 80572 70208 53656 73616 65001 89450 27070 56222 96366 62826 24555
6793 16
31062 35889 57183 17817 5382 11329 93306 77295 79152 6450 67385 28348 74394 42097 19311 33019
9291 20
61965 28135 66701 18872 43178 21108 98661 53569 6043 26874 70367 90997 49163 28222 18754 67203 31620 77294 55315 85620
6953 16
46501 67642 4460 52169 45821 2391 13413 29728 66523 84887 71259 44169 6931 54548 46259 40597
7120 13
49243 81466 19466 55580 58277 32987 98211 92811 84236 52987 86758 46518 78578
180 20
35394 54866 57753 56086 22770 97815 84541 862 79716 72660 20863 71005 75870 52970 31588 98128 65750 3243 87213 53633
6751 14
97696 91002 78367 3186 82752 12447 46146 92329 9499 6353 84948 57764 53100 53945
5664 19
62042 6082 23238 23990 26666 35355 48407 90558 56387 79939 64089 59453 89379 74449 92874 46966 99451 71750 47216
6218 16
90010 26004 93996 21458 71790 99660 36207 52549 11167 97296 18018 78879 9772 66609 28704 70536
5765 12
65957 89199 6430 15756 88576 54227 68457 21176 86956 37791 4691 66855
7305 11
41276 95997 17735 27769 89141 71052 31000 16103 569 23444 80227
7007 17
52012 28196 37396 98729 80330 11291 97215 13798 4710 60591 48876 81941 45220 1617 51572 65628 42443
5523 19
67081 20012 95018 44354 80571 36834 82572 18711 48363 31078 65454 89131 40020 37009 17531 74547 64293 33580 31675
1516 20
54631 93938 86602 6026 68551 25771 75545 38377 88346 21851 26779 99725 74133 35392 28928 96431 25096 89052 65931 7187
8033 18
55854 26887 87991 46948 41502 85106 90525 73056 29245 44501 2919 68909 8024 38348 64948 86261 99271 88568
2137 20
44632 23019 70379 46404 64790 75016 70737 26245 23621 88626 4572 37854 24477 93795 16397 14704 36726 56949 56775 75376
9486 17
25214 25217 144 85828 42294 96171 13021 81616 50136 88324 3667 77993 29781 47863 29916 88042 1142
3999 14
98584 48817 65489 12382 87352 51204 22678 68419 34483 97302 77440 56661 3733 13657
2664 19
30059 70202 39531 69525 47150 80596 52093 73448 60287 57718 96111 84514 54995 47589 73485 31295 65434 91693 57976
3211 19
23753 57344 8863 890 75480 2888 21718 17693 87303 61302 71341 80958 33432 51082 93215 45273 42423 74216 60062
9447 20
42871 90735 76725 83518 673 38150 63821 34612 33653 38320 20351 89681 14339 98621 61857 410 38593 38493 76262 70663
410 17
88539 2155 2897 65641 16982 78865 41174 80829 97393 58919 75795 47334 36890 51626 86274 62165 10196
5873 20
54746 10884 64148 31494 71845 42960 76811 45383 11228 68214 26816 80581 51111 97334 52916 30683 72106 34432 25664 49162
3852 16
72242 74830 9965 40172 15380 48069 60599 38591 78232 30191 77869 83839 77060 58777 53683 187
6900 15
31425 40778 56122 90465 30226 84837 49873 9796 70957 61143 95188 33507 26881 17678 65779
5502 13
95575 37230 31933 74739 66290 87547 50235 59022 538 7192 77010 86072 44134
930 20
24066 30940 15374 98123 31670 76659 68671 24536 77709 55988 62830 50122 32075 69882 60154 8878 69252 64149 64593 68975
6977 17
26326 70449 17293 66128 32183 50143 16614 34286 70124 99006 32393 99975 1942 75975 71114 48057 97203
650 14
78383 18275 78483 88226 61008 50898 26135 33694 59551 60100 44740 68353 68345 4701
6805 19
51279 85071 83935 49444 83178 4740 87313 59020 12320 96088 12103 21120 6252 8175 7080 20240 63182 72651 5852
9692 17
17138 38246 12574 44492 45235 70740 95232 49181 991 94674 90107 4046 10196 6893 59362 53196 89000
429 18
52052 16011 12563 9338 90776 46763 98693 94069 74594 65576 22388 97297 74800 4563 7651 34658 69309 50240
339 18
27942 86688 77635 69372 46187 36061 37593 19998 34201 72357 13498 55575 42160 52082 43697 79228 88088 17915
1401 20
25313 59882 650 35776 21662 4430 33765 63672 77727 63603 10209 41249 99567 32087 18325 40839 88283 36831 89744 85309
7843 20
77573 31208 13585 40070 9526 31352 17796 75591 20265 44404 3970 9698 40884 5667 15016 45791 38684 99266 74467 42817
3737 16
59149 59688 70424 21407 34756 47737 88312 84845 12217 68991 43158 43515 12565 21489 49181 85327
7666 19
74893 43543 23158 35764 83744 64442 67198 72848 4587 7657 57985 6528 12676 62577 69744 71368 10829 59732 21917
4758 20
99010 91216 92408 94218 84347 63986 74497 37923 61417 26076 4552 2051 47525 41803 33654 71749 23928 24709 2686 54287
5942 15
71138 28518 38755 84071 4449 7265 97150 62284 75667 13868 16285 36810 9609 46122 6297
7575 16
99998 66420 57733 11851 60496 31529 56723 96630 43121 43509 14517 79454 67566 80057 81317 53525
5094 18
35863 34413 42126 64846 67580 45437 49277 59218 24566 73576 82605 35148 68166 66827 31735 88548 80524 4146
6715 18
98111 35878 34769 9544 70288 67956 92033 1147 21077 3598 69349 94724 26822 95314 68116 49510 96008 75926
3794 11
59590 61049 75484 64506 9590 77809 90603 73939 67482 20429 2033
2079 20
58472 49369 65350 87657 10174 22275 87837 13037 9323 47464 96654 18985 60294 3333 81842 24382 49627 82091 72866 87813
2497 15
89009 81091 41298 80191 11387 30941 10644 86828 90565 95546 66535 17597 65230 33888 2357
2900 12
42158 64218 21725 47321 71673 314 8159 28661 63775 5624 15207 51805
2657 19
86839 83921 70935 29608 12476 36709 42175 68893 14268 46433 86153 20372 47663 24266 66936 69036 60851 32792 67057
2986 14
79125 32452 16598 75541 10776 90172 5536 36128 6110 18884 9746 94600 42996 14964
6232 14
24693 94921 94613 11405 33573 93005 52136 11374 19078 39407 79311 31697 66470 94076
7312 19
27440 88202 94242 50617 12490 39265 28791 58254 61924 44421 23031 33892 12197 47154 61897 49967 62565 18369 24747
1551 19
97317 2684 56068 37223 57225 88606 9404 34746 4790 12481 68416 8504 44066 57630 60973 41567 97265 21609 51535
9767 17
27427 20073 18458 65146 49889 87893 72338 25318 49839 20734 67431 84385 51380 95529 87193 63897 64491
2366 15
93864 65455 15075 90125 78503 60684 6938 31925 49368 51078 1659 77114 1973 49331 39807
9204 16
14911 94816 1827 21536 41533 54110 97721 63140 59900 15641 60050 77844 27638 23565 82570 30909
293 16
88008 87656 89089 98159 74344 1378 19233 21757 15322 23028 30919 52805 46410 35161 32085 66807
6209 18
31357 23915 4248 55237 4689 65669 94080 74403 4664 53650 56753 83615 98836 73196 50002 82572 42256 60849
6669 20
77258 67049 42918 99363 1889 1918 85615 3242 38592 35314 83505 13095 76938 23109 92111 1901 85781 96915 59832 70627
4101 13
97993 840 58277 65510 65631 92118 20012 16166 8983 37650 30611 2013 39838
2075 19
86288 68423 1448 41424 38228 92693 39879 18433 84055 87118 69430 70852 18122 4859 49072 39111 50393 99139 24782
220 19
18369 42679 37332 92984 51537 90127 17440 19587 16920 48577 53737 813 15813 80199 69313 79410 33342 27476 58268
3726 14
28561 36631 55052 28990 64035 25619 60925 19778 4363 85115 64529 32226 84645 98339
5006 20
12938 57867 50106 25614 54408 39830 64415 18289 6050 95257 91079 30427 68314 54828 21514 46101 43268 76702 35815 53649
3334 19
72123 87949 18424 66019 95596 8390 70502 52459 28291 67012 78535 3390 49268 78792 9662 1165 25209 86180 74193
6634 16
95224 73348 67365 48981 53104 92692 86293 2045 10566 14221 20397 20489 14480 19258 76078 11963
3694 14
5169 8169 6270 18790 35134 336 65797 25839 23734 51636 41072 73461 15275 71694
8490 14
12447 70466 5462 11887 72199 1738 50163 52199 74268 6067 75442 48919 6575 82276
8101 18
87912 44892 9825 77330 69595 11981 4386 25853 19326 7489 8586 46390 96290 87425 27883 85863 69837 18975
6213 19
82901 82724 40932 95472 9811 29045 46054 63457 94635 13393 58212 72552 64840 32725 51875 10865 63817 77424 29136
5569 13
64850 54440 3796 49204 83966 9565 1429 42224 17805 84254 34230 59384 62797
6550 19
7958 31067 63103 85050 80912 65313 12759 16395 97138 11530 10051 57527 97857 33058 35700 93066 57286 94970 49892
3932 14
59960 56522 40438 64017 76902 77422 2929 29211 50601 70752 80363 49927 35609 82149
806 13
93536 91541 43442 43249 81762 61355 82846 77280 2074 25022 59283 71891 68168
1868 13
68996 31924 23550 96293 7898 26663 11514 62025 57160 57376 16181 61130 50201
643 18
16021 71602 4375 8537 62582 87427 39678 1126 80377 23442 28243 84711 55374 65144 73064 36961 81916 99460
310 15
22665 47216 99948 56999 17185 91758 58340 9345 27463 14930 53010 18449 83307 2192 75665
9392 16
12125 38506 35946 4218 50804 14097 17618 93839 61886 95834 94867 41583 15826 60152 16853 92031
8976 20
89239 43847 99108 51487 64180 65931 935 3108 73120 12849 10516 82073 6077 78872 74851 7834 53060 33228 11277 99779
8887 18
6956 50060 89506 19827 41297 26988 63045 45450 73556 74971 42539 80223 67211 87881 12560 96383 19482 69321
7438 20
1137 50938 51686 60101 43162 35463 85581 7093 74677 86426 76815 68645 39760 50115 42865 89848 29776 59314 92491 82920
8618 12
26628 17819 43686 21205 59270 13828 80547 98333 55352 84943 15525 92996
9002 20
14234 77985 91892 74681 99659 57226 49905 86336 16782 62316 37414 34020 31122 39863 2591 58943 12124 42901 52024 13716
5510 14
35068 67104 61620 49426 64469 23029 80974 45455 66083 15448 77436 63147 69642 78494
3215 20
85996 45484 51720 76153 97697 16565 19258 29694 9127 12289 56551 28626 56506 85233 23408 87041 17979 87224 48973 94834
9227 14
43939 38461 63726 30542 42200 98859 54980 17766 27902 75128 14391 18981 67461 66562
7294 17
87816 83381 92094 14773 14520 9222 24763 79261 10973 64804 23108 74403 55349 12787 1412 83796 21556
9992 17
94642 65697 21906 11896 2448 84675 65970 19245 63811 12834 18310 97315 60898 54487 24118 50037 28487
3423 15
4815 25385 75475 82192 76678 84195 39192 58117 39312 33003 62122 27132 88752 26412 48157
4009 17
48518 23720 81097 50902 19945 12842 46566 470 68550 10299 6223 88274 27711 94004 12036 22849 11151
314 15
60167 59963 84531 64334 63165 93867 1523 64337 10109 88138 70539 44995 22302 92456 50012
9221 19
93774 90500 8245 24514 70487 25306 86722 76388 57012 19985 52725 88825 74554 29873 67088 84026 26344 83297 88738
9506 18
28035 24168 73120 73605 95401 53947 32320 55571 48747 33125 13325 2253 64272 54080 82657 52150 91177 61131
7736 16
7897 16771 13898 17270 99773 1616 63164 51154 94907 69643 85917 56439 29918 32385 90159 77480
7674 15
96371 34604 38030 22822 13561 33430 92671 96548 48355 99203 23230 40955 85631 80350 83532
141 10
42032 33554 61373 21027 37098 1616 27534 52135 84401 11061
5830 19
66515 12702 69900 13259 72476 48468 72903 31295 23539 60649 19095 78489 6634 38494 66499 88894 24291 78890 72095
8677 19
98603 86212 36527 75934 27075 61954 54100 84362 55736 65537 87787 57476 11813 63444 70719 5765 59762 95939 69066
8751 14
2229 47966 14149 98134 95125 64277 72545 86186 75430 5650 4492 18817 97838 11360
9872 12
42558 51849 60493 4537 46559 86685 22001 85527 47501 91580 56111 32420
4704 11
79826 14343 46492 88817 66137 53376 96939 26048 47679 45187 11965
6237 15
50591 47326 96515 44804 39697 57855 59450 11327 10342 91042 14727 99963 35897 85750 65844
2143 12
17145 79592 21501 15678 86761 87144 21511 67372 28330 98833 34395 18889
4019 19
28194 8242 57610 45883 77622 97287 46896 70984 86048 75900 11158 68577 4418 17988 24748 73502 93507 97352 22638
733 19
66261 5837 39705 83833 80266 67770 74547 79180 76251 27665 55817 95415 13284 92724 92955 10133 65928 86454 49094
3347 16
73956 79488 63909 58386 39798 73455 86885 18047 24924 63417 27081 46296 42963 88907 67037 56624
4535 18
36600 69520 58582 17603 4879 23752 7516 96236 77091 60973 59703 81877 57008 25667 66425 28816 30949 28322
5113 18
87593 69974 26368 81601 63919 21533 10913 4515 9777 92685 40419 69790 70484 96410 14354 27943 83827 26672
29 18
77350 23600 50056 12708 77682 80009 69361 33336 33042 66311 93750 55674 80532 97733 68449 69534 99675 68691
3459 20
87562 55157 71217 17120 75515 33307 10876 97886 53358 22522 1678 77920 24874 65964 28136 25755 57400 87515 12206 8575
500 18
25274 78037 94222 22260 99206 91652 98148 58655 98225 65414 83347 57125 23993 53816 66310 71608 22226 62468
9200 18
5786 95783 8628 94798 21877 26733 40998 49335 75076 72874 81025 13319 23611 86219 23736 15517 90870 59635
3719 16
38987 41713 94938 98025 34807 97039 47367 23489 90708 74216 80832 7953 26483 37449 81004 89283
3597 20
12667 73670 84345 37962 43268 10118 44464 59146 26650 11413 15572 90138 43181 76133 82493 30212 40462 55285 95110 90342
908 17
6822 91148 20747 95934 70282 10315 4979 58626 30744 46361 69632 53434 18170 79850 40632 14943 95210
2021 19
23418 71286 59167 51017 50373 81421 12950 71534 34561 37252 78468 1843 35269 27794 64069 32198 74288 37960 78156
8648 18
80463 31855 55376 10856 22446 92903 81295 70053 40446 25704 5663 41666 15391 82906 85459 5890 33752 61228
7881 12
40758 95013 94115 12040 30489 29647 50018 47235 30549 27882 8436 69356
7494 12
85508 41288 51017 36353 76735 4463 90878 79302 10663 70468 623 10857
4320 20
6675 61953 15289 64836 33109 42132 48582 23979 77437 830 20351 22018 17619 38599 18150 72292 69719 89483 1680 62707
5966 16
13419 83074 44632 71086 68638 84774 87237 37855 54755 27856 32717 31161 19845 24337 49097 52220
1812 20
54479 89310 66766 85113 97811 81393 78702 40192 52496 89741 38890 65584 26813 90159 86931 52135 87679 87752 78892 53322
9775 18
58834 75873 40064 74620 91818 7553 4152 94834 65172 10071 63112 96993 51106 61448 77110 79094 77427 63160
1813 16
8506 86728 58637 15149 31624 92945 86714 94960 41353 21712 55178 68464 71192 72561 97048 32864
8070 14
59182 39913 52774 56742 96632 81476 2615 93400 9028 29981 28071 66976 45026 14443
115 10
15264 99249 5443 76397 60419 96238 44635 58775 50746 55235
2119 16
76818 10162 45675 47154 93238 23288 88212 27592 34485 4940 12283 40627 59456 39745 84550 95209
2235 19
34107 24426 75038 71171 31664 91372 60651 91502 65586 94805 4980 95174 39343 19971 56327 47269 81026 90978 18597
9095 14
12473 86613 3621 72812 86290 92928 75822 14246 49484 93109 17192 18313 37934 20395
383 15
92070 23838 54707 69734 20909 82241 4887 67988 4838 928 88866 94186 91316 94394 32051
6446 20
99013 69144 35871 98393 46530 83774 68545 35735 68205 36923 10142 53448 66792 26401 58291 78839 69387 97353 27618 15900
2941 18
6628 48683 23637 60521 39976 39396 66681 87413 99409 15166 4640 84005 26702 74413 88228 93261 33092 83131
2842 17
64561 70850 42539 82656 44434 36178 78882 25473 35245 86651 63719 35329 38625 63993 4957 56372 9960
9432 20
81542 43546 2249 16250 34357 69921 95835 1915 98418 42127 17858 76675 56335 29522 36104 11634 82880 11793 89583 96975
8139 20
20698 69867 10964 35907 15831 98805 99605 8074 93749 4255 75548 87734 30109 68501 12427 54522 56432 67726 57494 56008
9751 19
78043 88494 94983 81153 16176 83119 30671 77396 67431 12414 68977 15698 86798 97787 92385 36902 68269 6374 40731
1195 13
16525 61163 60713 58034 65784 99673 14934 67451 79555 34 81708 9331 12925
4072 14
24964 45975 27998 40813 79313 82737 82192 68899 79547 20232 72640 49199 66899 20136
9647 19
46419 24037 35547 15121 6639 69201 36874 77077 93830 95318 25514 3723 47109 14951 29392 25354 36307 20992 22523
440 20
52863 22669 96386 17196 88277 65068 81887 98786 29751 51407 97381 22051 90229 22116 75875 14865 72845 52208 92904 64025
5789 17
61402 15119 13429 87405 16737 89758 54566 31614 97026 69491 62416 34964 347 5401 30447 50132 78124
2346 11
90784 62638 5214 3616 90132 22001 75265 23022 38852 2355 33916
6733 13
15119 26945 89258 40005 93077 43975 95617 99115 49628 22144 29486 37530 16580
2565 14
60170 60023 1581 31243 77450 98444 98761 53394 92265 45078 13699 1357 90677 67723
6939 12
3723 36094 62718 51249 84101 35146 84569 87628 31143 22972 99366 51405
83 15
83179 31628 68141 13463 20825 72666 96069 85294 28287 41578 17989 80483 43912 65409 73003
4975 19
31058 59131 82202 46795 4055 95820 27153 8832 34111 77534 50453 480 9209 15294 31660 17712 44093 32445 67501
7349 13
80668 16892 79401 59041 85279 17422 26091 32445 31597 79362 74246 84314 33490
3218 14
59691 46846 37840 23405 55521 52401 23072 1010 65795 84101 95143 97500 86848 5162
4397 18
27853 63839 5263 61075 78149 57816 18659 58227 88370 26663 41856 22832 1045 62566 766 10042 47282 70596
1268 19
42468 30239 98037 37784 17914 99819 47798 97669 21854 80268 5787 6648 12045 17540 73816 2779 46618 68325 85192
906 12
11604 87150 28069 60103 51287 75208 44052 36627 24241 46263 73612 2770
5561 18
77839 88233 22333 95691 56036 45745 46088 60024 19769 22956 86943 16694 63862 78902 89336 66602 83556 62957
3277 18
23432 94314 30216 32672 67204 60395 4816 68496 19826 29145 39549 39314 18635 13431 96648 15674 18984 39191
620 17
11351 17004 51771 75530 52399 76139 69387 51858 33339 27378 63067 90128 10717 30153 31142 86290 53525
1561 18
37612 71237 16984 87458 9880 58267 92091 37006 38789 92126 18027 16710 5669 53032 90433 25619 30326 27889
5933 11
7410 52059 33213 56989 67783 73147 95523 98996 57640 80946 69265
3307 19
24765 19159 3028 80457 29291 74641 25869 44376 23112 53292 24629 91693 60928 61555 68951 40813 43229 95164 62701
5580 19
51678 17189 80063 56641 11071 44945 48851 40436 34412 74674 70417 17645 56542 87843 59124 41033 91608 46759 94222
2887 19
69447 9226 93017 36666 99720 80591 85251 59569 85103 45836 79304 22640 49005 51033 81469 83250 49829 52250 38765
6618 11
30485 96378 45396 43613 25153 23316 78488 69228 30986 5349 54774
4813 20
33141 46409 48889 61968 81110 4381 79227 80023 80961 44893 40613 92336 94508 70504 33887 53605 4925 80938 56513 1619
7291 18
95257 72354 97174 91141 22361 4819 93667 13447 46919 2913 41236 94577 5342 59060 35956 29640 95184 12393
255 19
39570 60046 46524 34142 1534 5672 28377 82915 94936 79059 5944 18475 65354 94892 80009 61948 79133 48077 53204
9017 14
91072 19329 42812 91709 65630 5712 80430 60619 43329 26768 60058 14022 91892 95557
1427 11
36020 8827 7576 82504 86916 87619 16915 98986 75006 40047 56741
3415 15
67042 61919 74564 55114 51104 5836 56476 68213 57367 68404 10811 15130 11174 9039 76940
9507 15
37861 28393 82357 47750 61625 43700 46675 107 426 22639 38469 50520 76685 13243 84733
3564 16
83454 85539 67647 62024 22124 73121 1094 45590 82267 77305 50257 61102 5687 59508 92079 90183
3792 13
75482 82939 52065 98249 8578 1063 32753 1767 92435 47166 66718 52854 9826
2977 13
15505 22277 51874 93384 1255 2309 59016 55942 17198 12353 5806 26975 3911
7099 18
87568 72976 30175 55683 44858 94394 42133 24441 50485 17825 57840 25972 47399 50093 43684 80436 92480 87543
4613 11
81600 4585 17347 38373 69642 61798 64138 7670 64159 12729 7768
6995 19
59001 88527 82356 59224 31952 44045 7997 95925 19352 31004 10252 61402 64793 28301 69744 91388 36061 79584 65061
8262 18
74958 48070 30397 48142 13390 4437 55618 98408 60403 11053 34545 14172 48694 38939 95669 78104 54072 77806
9610 16
82028 80133 8256 51124 26024 10310 7226 81281 59639 15889 73708 99410 61799 72458 94445 46899
4393 18
28106 90953 1359 77553 96102 61800 92230 34591 41944 7129 45703 45930 95520 83247 71227 37998 23274 56902
8893 12
41848 66601 53488 17105 40824 38000 94973 90842 49793 1543 83218 3751
4445 17
42766 88140 60268 56712 50809 32619 73735 43752 86879 73055 77720 14088 59127 63365 96486 43633 62825
2265 15
79075 70665 67068 61153 91725 81633 2187 84763 26519 88338 40925 79060 21588 19445 46964
7363 10
2051 30267 16559 2912 41293 40816 80638 15437 47600 91931
6054 10
52082 19734 56202 15284 69265 4114 58795 61539 63110 4824
3550 14
77749 74796 61815 48062 36462 25997 38174 9428 62814 60417 30761 67059 44797 59389
1029 10
79024 25966 55391 7468 90196 19794 64097 52505 2582 15258
7205 11
43391 94683 52199 84681 83334 14607 14711 23637 94841 88876 37738
72 19
46450 11162 4102 54942 17698 91093 89314 60433 86298 48253 16099 12452 63639 78903 38635 91784 4881 52737 59615
2732 14
61549 12612 17453 48868 60437 58308 55683 30026 45352 34513 98643 96872 32601 16158
1002 17
80553 38278 28160 64128 45978 61038 9968 38792 75761 79194 43863 27661 19564 49726 51557 29363 53213
3892 18
42265 80893 99035 53692 94948 92764 32622 62900 22403 87941 36386 20053 86775 71082 12462 67317 98800 730
4828 20
54907 94398 45350 28147 21408 30359 80393 32776 24202 41459 80928 51609 18825 91043 44288 66981 24457 19797 11114 91838
3868 16
8246 38492 88866 14853 77797 71860 35657 48204 78867 93556 20585 36551 15235 15483 79373 45565
1244 18
88658 69323 30477 98458 2194 73099 15399 58545 75652 8718 60745 9198 65878 40847 60374 4661 71236 71727
7045 14
70445 15855 30104 20267 64734 50528 40769 53886 48410 17983 46945 79991 43027 67035
7442 13
43972 83475 60742 2411 51910 7033 75666 95694 31144 84007 18588 88066 88608
5177 17
39707 28931 93683 40640 98745 31518 35665 40377 65536 37729 55279 97785 40825 87343 12620 63765 62448
9926 19
84581 93284 60362 90990 64989 81947 31119 83446 61502 88696 71798 78372 60582 47992 56215 96756 85636 28125 51440
645 13
55001 18510 19778 29121 34872 3243 26267 47155 84181 35601 6448 98599 41048
9550 20
72705 78565 96624 4066 72989 62462 41342 84170 42609 94058 7589 24547 8236 55522 65218 77601 62549 1235 16900 13768
5200 16
28276 739 3784 73487 38119 46191 66843 58521 60617 59035 17045 16919 60888 60677 90506 98368
6929 10
91054 51237 37857 48522 1246 59689 27730 74880 41736 33361
3774 19
18594 39444 35652 28910 12810 31987 74696 87531 64044 9862 64308 45267 78004 62564 74135 16820 99852 50395 4848
6153 18
9862 74845 51064 72700 69519 84343 21525 3584 42225 16235 26120 66969 60960 99823 66107 66858 75433 29233
1565 17
91398 85015 21345 72597 32549 19907 60497 94823 96150 97056 29635 61342 52008 71487 5130 34472 82383
1922 16
12422 83563 72825 10999 65637 78341 26616 56722 93974 61330 28272 33006 66594 13471 46302 47480
1318 20
95654 53550 14868 55870 82763 30334 80494 33648 98679 61901 29097 44748 15196 10334 99962 49411 81761 31460 57100 97398
3130 18
26726 33482 92289 82904 79652 23567 88641 56914 16468 74193 21113 74557 1414 31519 51923 71423 61595 59713
9350 16
97322 53856 35891 73293 43367 73452 12312 85579 74829 71689 86116 21805 6068 71105 13875 52026
6313 12
71033 82829 67578 55835 31659 11942 28797 40845 43265 87162 93797 78987
4830 18
31810 52179 12587 65869 297 57205 9797 50014 16188 44469 43359 60012 90737 38252 19407 47652 2082 90407
465 19
11588 1139 5493 39961 30843 48125 4418 666 10458 82793 22169 43640 32334 54490 31246 36875 43614 27856 57715
3092 19
30594 56358 45266 31908 52121 85027 28130 30153 61478 97590 76547 18211 77378 68998 27169 53688 41758 52667 43220
2776 15
20680 6571 51496 12978 59690 93717 39135 18378 85673 50711 78989 45737 12399 21246 29441
5427 14
70834 48764 96387 13678 75811 28677 60495 95337 25335 37203 78939 33340 16191 92912
7801 14
64579 92511 64401 74929 46320 66911 42360 34242 52343 53143 8998 5417 67131 9805
1732 18
66346 59602 13456 81321 42712 79532 35228 85095 20354 69460 36969 83200 51465 36844 95742 86390 13721 77835
1189 17
4207 97821 18505 45900 42713 96492 76647 822 79407 95218 92432 87032 83259 24042 27803 18054 15220
2837 13
50798 35309 42141 60348 67662 57761 50938 93926 91512 99704 94003 70238 43769
4457 15
52833 89588 72866 10762 43625 29944 89928 29127 90672 13166 87383 39188 74825 48851 72070
4316 19
99961 18902 24007 37870 13342 14926 33788 27151 26179 77513 59990 5208 66447 78639 4950 71294 35146 87587 69061
1900 18
63098 84127 5857 44343 23406 79683 95164 39581 78736 85919 8321 92978 71537 50534 74098 16673 2202 37072
713 17
28713 96448 3566 89016 49475 45387 91155 28565 8217 87028 76825 32643 52742 40408 61069 82198 74248
9128 18
6763 76510 22056 20291 88368 48531 66290 14032 43449 76763 41170 6199 77778 56152 26264 90595 59735 50738
9168 12
22703 28484 96405 81278 5391 18334 34540 52598 5688 26275 643 78390
9250 14
36413 85035 81473 26902 56990 13243 47229 22362 64333 91350 50572 401 44363 40283
5895 18
41462 32811 48597 26288 46911 70738 24176 59011 85487 23350 10235 39803 98518 11231 93298 76260 9376 18396
945 16
33302 92601 33554 70182 46515 64662 54232 99617 73256 15560 59483 62066 19221 61938 79334 17173
5805 13
60441 750 26733 17082 70432 38167 44922 89107 42579 10948 17515 11382 42416
1048 17
73942 2777 36777 2719 35936 93924 87605 80509 9323 98940 94677 46095 51088 42369 40363 48944 26530
1453 20
61255 51412 25123 22832 54983 56190 17714 28208 70749 49749 1339 15385 38811 39332 66733 74243 59341 24651 68226 12015
9600 18
36851 87758 84139 99091 83775 67015 92817 69973 77425 29343 35134 78409 53341 19053 48526 84785 56260 64856
2959 19
52491 45449 37926 10966 87495 50771 24428 47127 34390 21030 93502 79181 53266 95288 78222 52099 59342 90280 7950
5202 18
97824 70761 34541 84690 19273 86155 21096 18250 24818 60356 58381 84619 15311 31782 58369 65496 87187 62898
9918 10
83949 49584 14457 31825 79933 61821 71772 63551 27484 47523
6702 19
89309 93166 41999 65657 19296 50753 25794 63639 81785 45821 32460 18442 46273 36390 25065 75983 8808 22817 76843
3247 12
66506 65871 81926 7233 93744 90099 22884 32734 18090 93240 30501 94655
9960 12
10159 6102 72481 19578 81485 90539 51956 62212 72726 54985 64334 87648
2047 19
37522 31450 28650 7932 85450 65400 75223 16253 81296 94556 5708 75276 19298 10296 16869 29083 956 44463 80520
751 18
18471 91075 94239 29854 15535 33695 275 15151 51453 74094 59492 5449 70627 15713 92605 59538 65399 41058
6377 16
38727 5993 56798 19430 8518 9703 27433 9806 67396 79352 66152 53190 59581 87756 27763 51511
2863 10
72313 19056 855 58684 51663 70638 30562 11046 99870 95997
2100 20
59515 54967 76171 61905 79502 1945 5865 46250 23256 53743 8045 71192 81719 83379 35427 94917 97726 35894 54872 30916
5167 14
53574 36994 46379 93921 38237 72007 34460 48851 62964 19003 73438 91696 93693 81952
7496 16
31034 41918 15189 18581 42525 1708 65539 28470 32602 11057 89302 79063 19343 83511 72242 42372
8973 20
72550 8089 76599 54002 82094 42555 3804 35726 16911 20203 52515 94822 65888 75414 103 6258 80592 43139 18526 32010
7786 18
41312 58615 79747 95619 54098 15505 35502 38905 98713 49193 53760 28405 76788 39415 25158 30416 17896 1248
1154 20
94666 76263 13341 28816 33886 87964 21593 10939 45281 22384 82830 33249 4517 89411 38244 93107 44725 36558 78403 68390
3520 18
62718 54409 98266 77097 58047 15673 64111 42699 84153 82462 51922 93530 6933 25285 15055 8184 15549 17340
3022 19
59416 90683 14072 38872 18402 1628 12561 88733 6448 61920 78659 426 25983 3416 79857 30140 9564 6089 73124
1506 18
35612 10774 39132 38992 76033 43158 45517 63896 81939 16653 98002 74048 71105 26680 95044 87382 32575 11935
9963 19
27003 23537 11101 9928 32448 74257 13159 55717 3471 1914 34741 66242 13534 54749 43895 99824 35723 51392 47722
296 18
18247 62489 13112 20885 13780 70315 5286 44461 68972 53679 7083 32470 34131 34006 95246 9523 18353 80421
5423 20
28551 9815 49455 59012 46430 27803 70050 1773 8351 50200 55156 68353 45970 1409 94963 95207 31739 35455 21946 16272
9548 12
79741 42365 5328 76966 33079 90100 12593 65341 2920 87321 50610 49282
9077 11
27174 19144 32335 44704 33616 74177 97153 8165 19468 25597 46321
585 15
95338 10728 62068 90553 40085 47000 7897 98225 28778 58239 72114 22158 75655 78187 68035
4381 20
1852 38669 75947 24950 4894 31979 18215 58217 49126 46161 47841 81256 89736 50195 54841 21975 38524 40460 1734 3505
1711 10
15797 27128 15318 67380 45685 22263 77518 86544 81455 87749
8587 19
61852 56007 89433 32612 44756 35465 76951 79082 64378 47251 62910 4685 96446 67325 39498 37892 75555 2274 61696
8665 16
14354 70889 19430 52747 86722 11950 87357 77940 23743 37733 45781 28944 38066 41158 41039 39045
2373 20
60599 33766 56102 2562 95985 90475 80114 92511 57460 79075 80700 42763 90410 12505 81065 29834 5275 99184 91996 60194
336 13
708 72530 69547 4018 78480 14879 4456 20031 45101 33376 95097 35413 68306
245 18
42277 85377 74282 26545 67961 21775 35988 33358 95513 21579 12185 19063 82311 13505 43905 49980 9366 93787
9809 12
81683 68260 36806 23774 57612 23340 76882 41078 14461 8225 7458 91995
3740 19
77835 37086 66815 40681 28429 63558 70126 54151 58495 16097 89604 46351 70845 58097 68795 74579 27039 96736 81339
3557 20
32255 72189 82178 91890 48606 10628 92543 29299 63197 74924 74202 1414 78521 73815 49773 13712 67424 88257 46084 68202
5123 18
47057 32289 94583 44326 19589 87570 4620 18712 31182 26371 68230 44 22311 73875 33095 87725 35623 60536
4951 20
84586 79988 17168 99435 9077 81802 60464 17051 4648 54317 28703 58531 96872 83976 47056 80866 94786 68640 97325 60946
4819 11
31965 75208 26213 99325 60756 63796 84548 81331 90984 557 60731
2557 13
88848 12946 64183 71911 36464 36888 41614 82808 57927 88147 37269 11910 72443
9986 15
70134 48409 13568 4568 53312 3996 11635 48586 7492 92716 67087 59227 85635 27290 18829
5444 18
17988 49271 33361 98166 18787 65462 53417 61132 6503 18930 2622 47063 48914 3652 48021 20854 84560 10256
7536 18
87718 26634 29614 96573 81698 92010 13067 51572 22678 61391 93942 13087 58226 95902 98889 35450 79130 10503
7069 18
4897 44616 35160 26031 52947 37184 81860 16123 81377 46676 81575 85412 27194 89369 93345 16197 21644 50545
4164 16
44932 35906 32376 13419 83030 84170 4903 40738 87460 91515 5488 4947 29670 31466 36802 83957
9028 15
18377 70946 151 51723 27682 33839 1506 9170 75877 37017 71195 69008 85016 90292 83450
3593 16
98014 56321 34994 28053 67321 86790 97806 47659 43298 4356 93767 25849 63957 43069 54417 63730
9406 18
61376 61266 99727 34427 50040 21811 21450 71155 99586 38995 5841 98798 4440 96098 37802 61802 99666 90664
6956 20
23222 39583 46911 9618 17917 51299 96357 4121 51478 41029 69003 35034 51266 44889 12022 95428 24652 65207 91610 53783
6960 15
72698 61486 10844 36781 99689 69862 82588 38352 19748 54459 6247 67911 14405 71899 50433
7124 17
72194 54052 15534 33815 80820 66112 47497 95164 84187 15911 50099 84791 76659 78852 11559 43774 63152
5219 16
94762 15058 68110 65749 22188 22397 27426 11650 2318 89641 86054 50308 90846 30980 48243 4727
5990 15
57778 35951 24991 55817 46525 17515 24689 70341 30267 27750 71709 27051 72817 8844 63765
2535 16
69875 31798 42348 82376 91069 30238 70731 11668 74586 84923 13128 6673 91013 89687 214 71440
4330 11
52496 87042 6287 60050 96715 80442 71274 97836 72368 96206 2290
2844 18
25923 45857 42675 4865 80140 17128 54250 33407 41712 60242 68704 71923 36905 7206 26121 37364 56319 24330
1507 15
23003 90475 9953 21198 44935 30098 63316 958 45804 14531 96383 54791 70437 84089 62551
8374 18
25691 40208 78921 18178 30673 65749 36979 14795 81036 42072 52819 34899 23392 66551 61291 3224 25927 34529
417 20
10368 93582 67351 95889 15324 24763 53611 54617 99685 96586 35858 6910 275 66048 1989 23860 94957 60189 47041 42052
8582 14
31680 49047 41460 36362 26310 36499 56004 91550 83989 73331 78272 60342 90971 95124
613 17
23127 35584 62608 6207 29089 58538 53323 3318 58267 30748 66286 64411 98922 27843 1648 45699 58866
2147 16
66472 14417 21848 39926 88703 23635 76154 94883 69524 79979 69647 87523 58874 46721 70931 70177
5013 15
67329 1295 12961 94442 8702 83254 96735 74158 83357 39938 64550 99669 74804 33940 94655
9821 20
58818 21714 56717 77756 91297 50004 59651 39084 32324 63571 47720 81806 39547 78544 98068 93674 13743 53120 95071 63208
9106 17
88686 16225 62637 55477 11562 1528 38499 97799 44677 7416 86033 33723 37095 62653 15789 44468 66450
4855 20
50795 44135 54726 49002 27092 96900 96302 46226 66955 1671 42704 61824 85241 74976 21275 60112 48909 61253 51015 68090
2354 18
13855 40503 36553 95568 88758 10055 85588 48364 17389 64925 43350 18980 83836 44082 98489 84102 34592 94728
7197 19
29183 60373 35493 57881 33752 45087 32052 23852 9789 40527 57825 22905 85002 47711 37221 50884 70548 79354 17486
3546 10
83879 46370 84271 29226 55536 46983 46114 55898 92353 76616
537 19
25397 17842 15699 14282 51889 26854 81581 98569 2473 30595 81256 76734 27234 39709 81853 85228 98577 91758 86922
6500 19
41780 11085 4401 99291 73215 53992 98012 73916 18749 25719 2890 72995 45027 96711 9035 64823 78351 23687 20652
5513 17
68500 87634 92024 4574 87175 71501 85906 49374 39013 58261 31381 65210 75099 53280 56844 44137 3443
9948 13
15301 24599 55894 44866 7578 10231 4624 90758 60007 74943 23869 78907 83858
8056 13
35890 96476 31110 87430 63827 75487 45770 17128 19817 3561 34361 24457 28167
4633 19
78025 20706 16914 542 55488 5107 38658 51555 73972 48799 15868 16590 26653 68795 44404 27747 77396 1542 94199
5233 17
55282 97031 33531 68560 1232 44879 78256 55260 16523 47707 93476 59516 88677 84401 26521 64931 25607
520 13
19502 81727 110 41348 13982 22444 63571 34091 90702 30948 24213 61116 13745
1855 18
9069 68164 96407 29595 98138 34946 73051 99613 15651 97531 73047 41712 42300 95525 60793 58574 62318 59700
4473 20
62394 81713 95684 42415 26005 80782 50710 6122 50259 43064 71325 51623 23389 18569 77021 49167 53865 73746 4317 91984
4083 12
52309 71983 23437 43990 50999 67135 16089 92141 3262 17715 1959 20469
9752 10
97353 5944 27738 43989 27133 3775 19038 51247 55576 7306
7963 11
89191 74147 61205 66573 49736 63912 25831 79522 74649 9705 28370
3212 18
84954 703 75898 98398 88095 9199 15474 29924 26592 17702 4550 44512 3318 36599 17078 85403 55051 88836
5568 14
66563 65855 22644 72568 67294 86322 70548 15721 83113 45053 17432 40116 11989 11333
6251 15
12864 16022 55479 59385 41244 87309 11089 77515 85018 80211 15844 45069 43311 69835 43764
7096 13
56709 14081 51471 37822 74167 98137 74848 11788 70558 3912 7263 21657 59961
1778 14
51003 68698 44766 8363 37771 18685 98875 18335 97633 51298 71627 57572 14180 7926
8363 20
21457 4338 10067 95698 19297 90492 86460 13267 12905 21268 58215 52197 22066 17958 75160 24495 8218 79757 77027 421
4275 20
95189 99148 70417 93416 80800 60857 39744 2809 4338 80892 86091 86342 46631 32042 21220 71821 98905 63686 92110 47970
6229 10
17584 81657 76302 24198 14751 28422 61540 8106 75827 10817
9182 19
70878 52385 70696 53019 74689 58359 30453 37440 69375 44973 90879 31401 58196 90723 83200 95891 93808 85098 22630
1584 17
21771 20516 95584 11055 87744 35610 91937 13976 75917 67789 30631 92745 39082 55911 41634 80641 51502
54 16
84312 81349 66803 50638 24468 1443 30585 97254 25896 13920 52778 67037 16396 49211 72890 42403
200 19
66573 51575 31708 26167 89919 15101 58943 95173 31027 26181 97659 4363 90809 57090 30350 60053 64627 78464 29706
3192 12
30196 80379 76950 96441 2209 36237 97915 48592 93968 87211 18494 37464
6484 19
91647 65804 5028 22878 30527 86189 26862 53319 87186 66040 6410 37335 70009 50057 39787 73073 2347 3922 64720
2926 15
58374 766 64459 28810 40328 3508 54429 65807 43807 79790 1535 40243 73405 71063 38518
9421 19
50109 91362 2690 63456 99889 24786 50353 38279 56960 33784 86837 95997 92428 9220 33654 83448 46482 58262 45779
9081 15
36605 31591 82682 8893 51304 37630 1161 3001 27930 55774 34619 86117 56624 93266 71966
6940 18
57710 89434 27468 6553 79244 42102 26739 59466 85883 39164 60078 39870 58983 69993 73925 24199 9446 13098
2058 13
58545 32764 80998 96608 51763 9370 65925 19708 37058 85397 89966 20315 36073
9733 16
25678 16989 77857 73503 38374 58005 14939 39173 52738 90923 55530 4715 46377 55543 58337 48043
456 17
44679 66596 87689 59989 53796 94108 9380 7165 41921 55689 18127 62416 71859 18385 60387 65439 37620
3978 19
22060 37725 16469 83202 97688 14252 38070 16539 8031 81877 79777 30858 95845 92462 64383 64152 34379 23535 63814
8705 18
24516 10597 82756 96302 90814 32535 10174 76391 6164 38588 36907 90488 95673 92879 78570 60599 96945 30052
5666 19
78212 84008 57680 51504 81153 99441 57402 99373 37384 61210 16932 64346 99779 35070 7042 43426 59019 15219 98253
6492 10
66855 28525 49255 62025 38826 86629 78408 47686 23251 15388
909 20
87173 89774 1692 17502 31093 87262 23621 53707 3975 51278 92502 65927 75877 24854 42366 27663 33171 94417 8163 68062
1529 19
6554 77662 53440 87517 41879 41228 51543 34145 4901 38199 25606 42523 79966 87482 41270 12962 9994 72008 65288
1024 11
4972 52032 58408 82442 68426 20277 22368 24268 38759 61721 32114
9367 15
43507 49525 82428 69960 49908 94991 32324 23025 36361 55924 90301 10106 19891 65640 31744
9275 19
46024 73807 34618 55292 54384 5993 27217 44588 65439 10678 81883 74937 96050 52454 20719 96342 24056 84400 68647
8381 18
47617 73556 57847 4713 67433 71304 35758 19668 65589 35589 77955 88359 31023 79498 68023 60797 1217 80165
7424 19
99761 32507 32975 40705 15121 68365 80275 66877 93336 99679 21074 37115 35913 56597 79582 87547 58581 96478 31399
4506 14
88297 39993 63107 38358 93152 5368 46480 98349 68459 9268 7121 69560 48250 32001
2957 20
14432 47661 61837 23816 30778 54888 55932 54493 98914 92453 65272 53080 9027 58996 32919 86534 47103 92555 7117 85993
363 19
37433 90484 53736 42838 65294 90068 66598 16716 80368 40487 78075 82794 11267 97688 97712 33729 53122 31948 96606
8989 19
43675 51990 85112 81799 7459 50402 4882 82394 90827 36103 67915 88693 79068 38628 71547 36422 77555 9571 6476
1803 20
99959 88812 99296 55820 11354 66257 60834 74092 20220 30171 6187 39287 4746 29714 4666 15430 90642 49557 65450 40407
2331 12
77431 99421 99841 7728 82730 47495 35191 86018 78051 79548 95845 67429
3876 17
68830 61376 8714 39365 82329 80512 39322 96222 48541 35264 32338 41615 74294 83254 30773 61517 60734
6486 17
91344 62904 47806 6411 44642 91195 69965 46936 49113 15388 89846 11390 66215 83365 23532 71116 9782
2110 14
26358 21009 39568 1347 89707 24868 34012 86964 91268 33033 76856 59501 61289 51188
1723 15
74243 34302 33745 73071 78358 87936 60342 70344 78751 93635 8285 12887 33651 40419 95946
3954 19
34879 90743 53931 43546 72792 41916 73483 82309 26948 73802 65040 89107 29964 65492 60846 19488 41484 94482 5135
3473 15
28388 32208 95151 97635 74712 56850 89557 29757 58628 23666 69252 16736 2789 34460 87775
242 17
17280 70018 36153 89742 45438 395 20744 10942 10820 43269 23468 48235 19002 98978 189 86949 78106
9616 11
41559 99815 86840 1692 75156 7556 78190 17570 16417 26504 1364
3034 20
97841 50059 64825 67044 86482 47277 31629 70245 44302 65198 88522 64024 45572 28057 41881 91869 69266 18416 25349 1035
4255 20
49819 26711 43634 56287 63616 4701 64636 77860 72649 80831 30433 86205 82795 67242 86820 36939 99761 81866 86341 96564
4582 16
86592 34486 79193 88897 60147 78386 67075 93482 28841 29228 23834 36441 52467 25238 82478 98085
147 19
14550 88118 68662 85475 55169 37483 52718 22178 25669 94927 10586 73296 37740 63425 35845 19749 37898 53926 77014
1394 19
77041 5295 11683 31292 66090 2359 62801 94512 15102 63950 81438 15424 39712 7515 54932 15018 88850 24054 1096
7922 19
40713 97664 27402 59814 27539 71172 50517 55821 30135 87544 68941 44733 28021 66895 98150 60934 93038 53090 98409
9795 20
63213 76529 21612 27957 20434 82816 21198 76716 51869 43506 20885 41804 40005 17117 6194 91990 65418 34002 47305 66744
4713 20
47016 344 42024 4500 15233 76521 2430 18798 86903 15110 97498 70362 16018 79089 55232 72070 6256 20958 20393 7840
7506 14
86524 13059 70054 38236 75419 53271 57125 63738 64897 16417 59395 97004 8129 50423
1181 11
74718 28042 12567 83554 29214 4193 28899 78261 92124 27377 5320
8128 11
95115 260 78649 98960 27904 25117 2429 6491 53094 19901 19960
8488 17
84875 57569 12162 12973 51405 91683 69767 60544 7698 73183 38326 45522 74067 52721 69900 3389 1030
1960 10
63258 79988 71320 30379 35270 64186 90691 13869 67313 15752
4660 16
26081 6364 62952 39466 53046 50666 82664 72867 49197 10404 8268 75421 34629 18015 49130 68486
8071 19
2861 66947 98239 66959 48279 23984 11551 38765 31251 35723 49774 42564 35357 63465 81873 8203 15452 68148 2657
5318 16
59135 34553 8678 38493 77232 36895 71731 32258 75354 29359 94052 13447 37444 35842 37329 66705
3376 19
80503 69095 5472 44679 33396 70632 69567 45742 52944 7997 46074 4966 66007 5317 53369 27132 43711 42109 9500
2165 19
42089 86229 30023 31140 5751 39897 31359 14905 41707 25994 34551 15537 58770 66297 92114 83067 34557 7075 34105
7218 20
17868 49821 46565 91340 53763 19101 7404 42873 88476 67526 9385 75619 45458 41014 68180 21624 10604 51664 58235 32922
7201 19
2668 22662 71207 98275 75421 71365 7886 76802 5891 81726 54759 23777 95419 38846 33173 97303 17893 1870 46664
7731 18
71930 53230 4279 89097 6507 19993 32855 3217 70586 52336 72130 74564 30295 22107 63158 36559 54980 31608
3591 20
75978 86139 82769 69047 83310 36412 31468 35134 58816 47889 41652 21848 78294 27866 7495 97822 24699 74472 43479 85637
9283 17
23713 69266 12928 64807 50737 91110 61360 90715 81411 9580 6947 92144 52982 54745 32121 66032 32820
9810 10
1912 7955 93754 33464 4726 53684 72649 53669 95564 8905
825 18
19761 63729 69306 35649 20058 9758 16387 62630 72176 78064 32974 96894 49609 37375 88894 44047 72211 83695
7366 17
31079 62596 43530 50284 19856 83223 36123 97508 70600 63615 37221 21410 71278 17681 99933 8121 74171
8981 10
87611 68881 52999 92873 36381 73258 89217 11981 53912 15079
5484 16
43379 97383 13019 65001 37417 50882 41165 59674 66854 27715 57344 22448 72129 34300 30386 34213
5388 10
2510 22454 68884 48235 16596 56049 31625 47577 29262 6239
8642 19
26421 55907 73628 19957 57282 6597 99333 79253 84091 18130 94145 87733 13987 48531 74503 35326 62339 51920 24376
3766 11
72504 41609 97610 52837 24788 98159 96098 89793 22781 23121 53710
2950 17
63046 2368 6025 56749 20163 85026 45889 33043 470 8942 60688 7142 51902 42157 40220 83459 81137
6724 11
63341 61454 85301 63244 54142 55452 92534 15302 66109 95077 90183
917 10
3449 97211 85545 60729 38274 44084 99771 33126 29121 59516
7071 11
40860 54358 32802 83688 49768 93910 28620 72570 61317 83596 67657
2826 18
769 27319 89284 65409 37111 22339 96238 42370 42833 69989 40478 94735 27031 6595 8700 17651 9304 52052
4604 13
43924 2724 66708 96775 12035 97600 39649 15376 82423 5038 98772 41997 63847
787 16
97031 28454 26830 68117 28770 28862 22951 65673 44816 87547 14260 39007 56648 58404 18196 93804
3545 20
76042 40498 21320 78285 96911 62319 14653 5685 70207 13834 94688 51188 25525 52409 24607 67367 35466 90854 6648 11624
4177 16
83485 7999 76985 46104 92357 9436 55037 53773 6626 62027 46241 7032 4981 7074 96601 29695
3162 17
15787 37771 48889 92112 57718 26920 7200 50177 90027 36009 44136 40323 94050 56030 45853 46635 38786
5760 16
32273 58642 63832 3841 1536 27303 28307 36200 69294 31579 10971 25516 44614 46752 56581 35401
6341 18
13191 30680 63048 99253 50354 31193 45482 41087 15046 47705 16889 99801 65179 76234 87037 11775 88964 33842
9871 14
17117 70576 80393 15552 63085 1601 47617 58231 87836 84703 29061 21955 92079 15113
2224 17
50268 51945 84004 41920 21346 21783 58266 63440 99336 12718 56122 90958 50479 8599 43924 995 54079
7050 20
21397 40683 54619 45019 37315 39815 37230 41269 66657 11958 85014 34199 79055 53270 84806 6540 63853 35575 13613 57452
407 13
80675 85883 586 24876 18420 75547 43265 71500 63462 89988 6225 97045 67822
6851 20
13616 80767 53761 29042 7601 19728 75112 58695 10565 4614 34749 13606 75447 6744 88250 89482 88064 10621 20274 67363
1049 19
85078 60680 75843 6246 66147 3703 18847 77276 9900 8378 52415 42964 97751 96767 96474 37155 58459 95406 54415
9007 20
29593 20795 14445 4163 84699 35901 14134 20561 80807 95500 43561 60182 5882 80618 12347 83338 81262 59658 44806 92554
4068 14
57186 72005 79609 93308 53021 48269 19220 53856 75385 24237 25918 73470 64187 46190
4899 16
41152 62154 92872 29330 27080 74215 48682 24682 65691 9500 76791 80821 84137 73846 85295 86865
3008 14
11958 31683 30813 30115 22516 34054 75415 96975 84471 18518 8538 96931 24130 99357
2722 15
58239 22626 91586 98911 63545 30535 2495 75712 68648 85352 63596 91360 89796 75932 72772
3899 18
31861 53892 77763 39555 34694 14286 3164 37706 61790 62006 87204 65256 57756 51086 94267 501 26833 96065
9760 19
31786 14682 36057 91632 13954 17563 70395 10930 88640 24160 74916 88970 55041 54485 74169 22413 79470 18717 37745
8254 16
42451 12813 51557 88947 10821 67518 494 31572 59811 18461 13658 99576 82031 21884 71939 81783
5050 17
3928 82370 7328 36060 81078 74916 99354 6422 87247 58581 34949 93662 47576 41597 34350 35893 39820
8580 18
71742 67873 64737 29915 81463 82671 61599 29500 88493 75412 99132 86452 98908 11114 38210 39339 59259 87049
1099 20
81056 36520 9047 3027 85532 1075 74838 67660 36238 45774 429 9996 4067 36492 31062 87950 89199 74087 46920 68919
1041 13
18919 93566 57473 76267 14469 73870 10289 23470 76719 80354 94426 39044 54408
3101 13
6878 88803 72667 60810 9716 24957 24305 99413 77971 27359 67866 52834 34435
6352 18
42358 38972 34590 66726 77842 61506 31336 27570 65044 95531 49638 43860 42176 64329 40118 23511 3993 45271
9083 17
83084 83883 73373 64502 95793 6584 87954 56694 43505 86690 88035 18163 59202 61835 40282 44722 42921
4073 17
68855 2359 26997 42866 74354 63376 53563 15207 55069 27061 46024 54761 10082 15461 28100 80978 27832
7645 15
7549 51951 98631 16202 91775 49720 38206 80297 33181 28757 5565 11713 10327 54916 74489
3148 15
23660 32967 20102 23400 69943 48541 36813 87166 71769 21022 63389 95340 41864 87563 47631
7618 18
43327 63405 23735 35632 172 77323 62662 98975 96030 43386 31317 79692 75698 48935 97723 67558 34172 39981
1310 19
84607 83275 29655 58607 58675 80156 72820 72089 54090 57469 21496 21089 71875 55867 29304 66170 59988 32186 24043
5810 13
63360 28584 51085 86804 81225 74884 78493 78145 21603 61998 92677 7993 74309
854 20
95779 40915 41059 24645 59064 99670 22817 81781 78498 92231 59377 46127 70000 41186 20317 38894 30572 68050 5310 59807
6745 16
60746 62429 42366 26657 44584 61366 69744 35824 88542 69730 47585 85155 52174 49435 52664 780
6980 19
57681 55463 57447 46236 92148 95986 25220 5705 10247 37419 86902 345 18909 40284 96257 52865 5817 53205 23837
3507 10
1983 38983 28944 55491 39656 78255 45935 12840 49256 90321
5311 19
31674 66267 5980 82953 81510 56186 71301 73422 26765 88308 52285 41168 76763 37385 75001 40337 27 47594 85283
360 10
51762 19893 80824 9390 26241 80851 77074 31367 30215 18869
2249 16
81317 1105 67000 78423 29095 17447 66924 135 17424 86150 97907 14930 60533 62091 70160 51140
1455 17
83228 49776 42826 12021 69716 26347 49498 19662 18743 1861 21744 57348 75734 84335 29948 39597 28648
1110 14
76657 81924 11124 94775 79216 79109 52822 17878 46345 31146 63840 46752 82667 13971
871 16
68576 27474 61630 52377 94721 62292 11116 30799 54053 90507 36114 33691 20631 50882 19778 20914
7534 17
65621 96584 62332 60646 75223 47444 42500 63250 62273 12910 6159 23357 46911 70731 57589 15974 57846
960 18
5744 96800 99227 46488 79697 26015 87430 10369 81617 98653 4926 90819 84332 72642 76569 69955 68638 87879
8005 19
50403 66483 80374 63729 71358 63014 11769 44049 54867 75201 43568 2171 69565 59779 7518 38757 98798 58998 22715
8137 14
61271 376 4070 92511 56364 23685 50711 99971 57208 17619 93445 79951 17341 45335
4486 19
89647 2710 92910 64356 18005 84361 7655 32430 32746 15357 3231 88634 66033 62927 79014 32414 58740 98899 85850
1222 17
47746 25850 40964 13764 66597 49871 6691 83967 76095 66617 18914 18917 31943 77507 78527 75639 45088
3414 15
36473 61996 37748 28869 96993 10709 44167 46162 50822 47681 53780 18116 99745 91806 60498
6588 20
38766 1988 50826 36766 7618 49067 37636 60125 42352 88210 75758 48982 2159 47631 82960 19537 66794 75995 98341 50809
1815 20
11558 72742 32932 53452 46231 20432 77584 21898 11472 66241 7803 96408 36287 19271 52911 62223 93261 73409 39778 72567
7166 14
99442 59221 74754 35811 60913 20255 98138 60261 49505 58833 34912 43444 86148 99387
7693 19
68186 46440 63759 3799 54135 11113 38123 44264 61718 47120 69254 11502 77084 92043 48395 28229 25314 89295 57349
1302 20
87842 52201 64725 10070 44582 30149 60380 80169 86249 80549 36161 59592 77959 80925 78333 70175 33320 10683 11106 37395
1139 12
13159 59678 33173 63126 19263 80578 20382 24234 41635 51672 1884 46215
7586 17
84757 9314 8613 18042 34950 49041 79780 72084 95048 79659 13396 80378 27049 65559 27731 73573 46510
6558 15
35358 29905 1310 55430 38168 13742 63398 92724 92593 20371 32443 8947 57102 18817 39113
9739 17
18494 50398 59011 67310 68408 75047 47914 75752 49512 1930 52009 62526 94857 5857 65235 5553 83135
2109 19
12460 19152 81350 69361 53017 82880 35173 31327 64071 43212 53156 84424 60640 9177 39183 32541 42324 16081 59548
1303 11
81156 86784 68932 16140 10712 69822 62938 57796 81411 61669 38393
2892 19
20815 72634 9474 53745 4658 50451 85247 10531 55996 37513 20135 69949 56667 26190 30672 15090 51425 51820 74543
9190 20
19799 50452 37077 82163 85464 36196 36270 6343 81730 69650 50787 52626 18878 1958 26855 73766 45448 96357 64270 30253
5607 17
49891 86135 2953 47916 93808 99744 1577 1237 52916 13976 66512 87884 1411 59715 40859 35592 25977
6485 16
67793 81129 76283 21521 26082 86061 95339 49367 99457 11795 11608 32274 85135 11652 97158 67371
7454 20
86612 2732 96529 17645 31054 69299 4424 64954 60581 62802 68045 40925 36989 47915 33783 70501 65962 96982 78091 2689
5917 20
75324 80670 8769 27465 27251 43678 44745 22198 40222 49539 61491 10382 61071 95004 62847 78933 67427 65539 26981 84627
7533 19
43745 70435 43403 49380 69426 61163 32632 12511 54296 87845 50358 52756 37097 45926 22825 46742 95154 20309 52024
1316 18
76036 8399 88579 2024 16199 9602 42573 39821 53426 67807 54062 40854 47191 11195 27652 31724 16101 91966
3407 20
15630 13860 69065 79535 44095 48469 83592 52696 32395 1747 60096 62572 10902 8722 85147 23169 76951 98202 56627 49376
144 19
431 19783 82815 81337 66224 48185 5168 51871 22337 36936 68050 92868 44290 74125 74147 17601 90129 82951 98171
9726 17
47767 54185 42702 97216 14611 97996 887 39494 50 90017 81474 94382 65068 6513 12833 25351 34124
3258 16
99284 63097 57657 48024 40100 54329 12543 77319 29180 95274 71469 4559 30095 45434 32506 88380
6594 14
56405 87680 67175 50315 84968 23273 54261 78452 62447 28837 86297 31640 23659 83086
3840 15
16237 85873 35383 16075 96164 5334 87178 78316 99721 77180 21985 81718 82945 22963 57288
2995 18
43436 19261 84242 19577 5441 30202 21413 63121 9318 30414 5274 74081 18246 57138 34544 52146 1247 52134
7718 16
56013 60428 38221 27298 62446 78201 62902 40897 87371 81664 35277 60359 45232 68845 95154 43357
6859 15
96771 62573 61742 63595 46345 8746 36388 59782 64498 89409 22568 85409 58121 80638 55716
156 11
36043 47307 46885 15885 1251 42859 20438 13469 54977 73296 65197
5315 19
1134 60702 51460 46675 56041 9001 83558 65764 19028 38890 22766 29853 74978 576 54183 73952 70880 89245 30728
488 17
8544 98260 65211 83896 26991 28850 87425 30759 42727 9180 77241 68035 47487 70627 65737 59801 35973
8138 13
88287 74246 20108 13542 42854 36224 45672 67623 72141 77636 14820 66280 96157
4106 16
10172 32081 45410 45631 91470 62699 28660 8488 84662 44682 20739 30996 4571 60014 52055 74113
6931 18
65683 23377 93251 4312 85003 67252 68001 93763 60052 42516 90877 27447 18835 41818 73187 48385 87390 57961
1234 13
17433 41240 90492 75509 18424 92287 37480 63135 51252 63663 52546 26014 64852
1438 20
2235 28131 57769 32566 71586 10044 8610 4492 70205 42181 23290 65681 68407 2534 12833 97390 93989 1026 78128 81831
7290 14
9800 55529 29914 12415 44059 70151 40944 82550 63589 44016 25441 82954 33845 91738
2426 16
57164 83455 80268 41980 29891 20121 32695 26876 51424 15831 79815 47956 62386 46011 6297 36818
7138 16
16466 98936 44269 19413 70486 88223 66007 1335 24225 12121 35017 99033 47439 73773 80141 25850
1122 16
5258 3419 1885 90466 35032 77572 11366 69073 7037 39662 61361 9959 16524 90599 11343 69606
9959 14
20609 52749 44815 7285 9752 4214 77174 58183 26480 6915 96191 14715 38560 98864
3320 19
91773 34399 2011 1967 89313 43708 22832 91490 30588 29761 74031 48480 41739 20553 29547 70630 11026 7118 90812
9349 16
66258 4859 61627 40337 27110 46782 2822 22034 82705 16772 2672 29017 92927 25475 49333 12036
8422 11
65703 1290 32319 27225 62578 49918 71702 70695 27526 73609 17780
3607 14
26689 76851 83853 35202 57568 71238 27064 56818 91775 53176 44785 3480 29078 33124
4463 18
28195 25685 7858 45282 829 53413 49953 79233 39388 47407 93378 33779 32644 90453 83013 87340 25398 47964
8417 14
52851 91406 5554 90421 34207 15806 69505 52090 84194 54051 29388 48496 95160 59672
7039 19
70713 27978 76407 83474 67834 27899 71440 42126 91512 50114 72967 20064 85555 42519 77918 98041 35573 77076 36815
2467 14
70304 85154 31267 61611 27827 5245 88573 85069 18572 59639 55542 23946 79900 79469
6916 12
70456 52775 41285 72127 30454 1234 99970 73880 11809 28824 50484 69602
2976 11
57087 69552 92701 90825 96358 78019 74210 67248 38303 71809 91557
2951 19
29082 4172 96783 10617 54790 42972 89841 78981 86411 23275 77734 66648 88658 56678 34519 39796 75910 1931 76428
2990 13
91357 55196 96168 1694 91454 18740 59140 92293 19416 66032 86907 21894 29099
58 15
20337 29746 4043 45516 26116 86222 54095 73007 38991 44540 82981 92131 17962 76612 94469
8563 15
52295 35700 63806 75383 57728 48599 94874 55323 94453 74839 43239 75952 67599 34045 49851
6899 13
51050 56318 95073 66671 7382 85338 14246 10095 36977 94621 66595 83721 85529
7400 16
61739 57596 13517 7689 63989 8590 29435 17790 69153 55175 81389 89982 69903 34825 74848 78907
4775 19
18438 22934 56806 75465 78072 44376 39341 46064 40231 30257 3796 24571 27594 85930 76773 51815 80663 63833 82844
3547 20
46446 18037 8106 68263 76963 49233 66303 11006 97811 68797 49047 19858 71151 98490 34331 79320 43770 43386 28626 67381
124 20
95809 24621 98554 59965 15639 24050 61355 19998 14060 15396 90452 50535 27245 14797 22781 42217 72008 85089 1761 73992
381 16
64923 26995 97925 41769 8747 2754 23543 7 17315 83622 78218 86835 13349 75098 40665 3837
337 14
60311 21105 12478 92183 14332 42781 90248 36601 44595 54872 2378 22544 92029 60537
5374 16
27044 28992 91279 3151 50546 33074 82644 91574 86331 61236 75704 10324 40168 68019 73312 84393
7727 16
10655 87259 13749 91238 29801 56360 29373 64528 29875 68591 65973 4853 17593 89355 55257 92711
8085 16
55989 58823 4954 66731 92916 21077 19725 79086 24745 31991 75703 97376 75493 98690 87050 81805
5254 17
36272 16734 56823 3033 54325 56542 37471 86005 7143 77475 56441 19128 12758 41281 76406 14429 28576
4803 15
93237 42472 73946 25838 10540 38697 88501 88996 31486 54173 81947 4008 82890 10665 64724
3246 18
29981 76156 17174 78963 17430 87941 41312 65762 57524 65952 47320 92785 85337 16692 89760 60922 56250 64095
2678 17
29025 88257 1318 76421 69205 37851 76691 57883 35126 29041 77250 67809 90922 17356 76991 12219 36316
2203 12
49582 70622 2832 14411 36938 71567 42602 65073 79583 66772 68082 60445
4972 15
64964 24293 8511 85810 78871 69628 76641 58899 95446 10804 97453 97998 77302 9630 48452
9071 20
83218 41982 67721 9845 90759 96832 95547 21056 56557 42509 86439 48724 69935 91316 2797 40649 25835 31204 71336 12463
104 18
71482 22166 4844 8280 40195 29800 10565 25835 465 91304 44000 8094 34586 99872 1385 57272 25130 33150
4959 19
69932 34997 20512 4300 38669 3267 66854 63591 49735 902 81043 43890 8115 90498 33020 29723 84925 3639 18060
4509 11
50063 1256 83217 88147 6341 5678 95328 50580 73001 71811 244
2162 18
17961 63614 93034 66269 54155 33165 84861 81610 35593 54504 44531 42376 49668 81932 31645 31401 54449 34879
9836 20
54368 92220 46523 32683 37094 49563 79991 32046 63244 65991 34747 15151 64956 85288 93608 78858 10156 72558 86374 84746
7594 14
70307 37384 68793 48297 84674 29280 72978 85279 74153 10648 66250 18157 75342 89472
3412 12
62816 78420 57935 42162 19567 2961 64487 17186 18833 5991 35233 69278
7229 18
77985 50216 74080 60416 81355 26951 82779 23014 47866 33772 92067 44285 78364 38439 83214 56069 23023 51104
8519 18
82029 69270 85292 15364 12015 28883 35301 42595 32655 21247 76034 72958 45773 82842 3815 5406 68342 90641
9149 16
91243 54782 36627 37557 67873 2335 9349 32620 10985 96588 69311 13653 57954 73783 6371 26325
9255 14
54473 29485 33025 12490 10121 87929 14871 80757 40739 82545 17705 69499 1875 19731
8450 19
44254 40969 96231 28509 52759 18541 60389 74610 46318 48365 42454 65968 48071 14602 25301 32778 28983 24474 12668
814 20
5977 46466 97902 23036 55991 75362 94732 50581 93376 54707 36942 17022 93737 74620 49076 84848 63855 84488 41032 52641
3574 14
28310 50312 27826 39596 95404 93652 1382 39552 52862 89510 92606 98427 25306 5396
2923 15
87323 20732 87908 19756 64384 51640 9779 3340 89943 84721 17764 54171 49587 78873 9340
5438 14
68452 98 60056 49632 13272 12924 41381 76256 89930 87397 44812 527 6373 94553
9967 17
32649 74751 45729 78113 32317 24085 19232 5526 51540 40981 83090 26088 99313 94368 71081 18430 31556
7914 14
57089 59744 96940 16138 21151 74671 81934 1456 44292 49133 97637 66882 74167 46977
2631 20
48846 53154 41551 51443 92325 86463 49839 11334 98470 72613 28844 63405 46628 91910 30747 95646 39248 65968 72913 27196
2865 18
59338 42951 72684 22468 38450 23953 37273 15962 49230 62769 94145 54150 96130 59061 39714 25546 78982 72801
4954 14
50514 16131 51508 47674 10858 81777 43248 21048 24713 73161 47863 54932 87224 77046
8427 15
10276 82839 79441 43211 63169 82993 3442 3291 85828 33516 50819 79329 28841 98543 85437
3761 20
97569 11607 88316 89142 69288 51684 68646 68579 36152 95687 18111 63048 32960 9296 55714 39340 6914 41286 58738 55676
6622 17
47299 79296 84481 88021 9183 18793 82147 6272 44905 53429 1133 45670 24733 58564 57998 88036 62848
1686 17
29562 71881 98186 81903 15568 6033 27587 82258 59290 8722 79064 75853 51828 44011 84104 85775 43095
3907 11
42943 58981 33825 45631 14146 99279 27219 92245 25060 34950 39237
6597 10
88275 65480 61254 7440 15458 3198 53302 36057 97363 92021
15 14
97244 12330 21436 8913 83108 23394 34990 17745 2196 17740 1051 29618 59740 81548
9203 12
67814 8113 91060 71731 38458 6905 81842 27088 87616 8470 24592 83264
1134 20
23150 56195 99114 74091 58042 97847 73491 64372 92712 25465 54712 86112 56435 98064 98053 4977 23881 20869 30164 75431
4286 19
73082 20151 39682 98587 8873 25702 68748 36134 97766 59139 94078 37881 68496 19737 30247 24471 36066 66223 74607
9913 16
27883 36752 44924 34662 26746 74864 5896 96531 86317 73854 93744 54421 49953 79315 11524 6464
67 20
17819 96609 66461 43532 80138 10379 19160 3776 8420 23088 43389 97315 38474 13875 56251 78606 53171 97380 29957 70823
1168 18
19358 68517 38444 35846 18339 33938 94911 80615 25875 30282 62748 87332 19266 55040 83412 53642 29536 32721
4051 16
65163 8125 40497 33682 17333 80213 29030 53869 9620 98700 1372 80069 5515 62246 35248 68216
5352 19
41030 98738 17964 55325 59949 34744 68770 5795 97559 25045 88351 2262 78988 21095 90614 4535 59355 2614 66857
2611 19
30014 42207 72537 20379 35787 29626 97483 52184 2252 2013 75980 29310 70329 46689 71017 20784 55573 85641 57813
8314 12
49592 41770 8642 3608 63791 68776 13404 15104 41045 26183 56962 2974
3818 19
84791 88240 21513 825 37897 68854 55017 63719 96670 40684 82884 85029 36133 77664 30574 98521 79850 75954 24980
5292 15
8503 56218 79406 18357 6050 55383 47875 35718 89811 94883 68171 30212 70906 10177 63012
6821 20
38721 34765 82842 1631 30421 95339 64475 93884 47392 85849 13254 40734 36401 40424 65710 6120 2614 74059 99232 53296
1226 14
44968 8998 44775 233 77342 96907 94276 95939 64032 46361 22973 75758 62617 86281
9588 16
45047 72607 45766 2915 23697 17909 32837 82776 99620 11697 52079 61586 77918 20609 51868 71425
2560 19
30532 34286 53012 42077 98687 46678 9355 57157 61536 90653 47585 3919 87694 50332 54891 36243 23625 47035 12033
2090 19
40120 44806 67504 63277 98966 66998 27621 89226 37520 37175 21720 90703 64158 47970 61251 22846 91356 88459 70369
2868 17
64559 97267 77889 68021 16062 50956 28241 82584 14901 93229 74618 58064 62894 26426 13782 13959 97707
3186 18
63734 5550 60091 12170 25812 33520 64921 4252 12675 13938 31037 37262 96963 11697 68807 9898 15050 15814
3691 20
25828 9338 97037 10688 14220 20903 65137 72906 79731 6374 27638 66869 27344 74413 41646 31459 74814 11485 43392 2121
6698 20
57357 20552 16542 70031 78589 49808 90165 76220 78305 48503 93865 29418 61763 48976 52944 78901 48694 14519 78708 89391
7874 17
96421 95943 20886 45742 88206 29032 4589 59671 77996 80391 30154 88927 24224 43227 70627 66548 7841
274 18
16922 63867 68208 61834 11253 44588 78870 93847 20047 32735 76837 41942 85834 97174 60929 25880 39445 78607
8923 13
60193 81985 19488 43674 52393 62108 4086 18916 84962 51239 59575 58545 73575
371 18
74557 368 76161 62569 78025 76661 95536 51237 97230 48248 10165 12359 48435 59367 4481 41272 49930 94840
4891 19
28246 4718 45691 95816 81515 4689 4167 23737 42432 99788 68083 23732 74078 49811 55497 38593 28267 28857 35489
486 20
17824 21153 16438 4790 70433 57487 1886 62384 80033 30785 78122 77753 74082 92872 97830 35600 32434 31791 28477 92546
2111 14
10258 41618 26952 60105 6578 5996 29311 60359 6653 38453 88323 43759 8110 47961
2531 18
71077 29046 21480 83089 9908 68589 82929 56128 12755 45891 88539 82193 73767 73686 17981 29739 98969 17766
3328 13
7347 12262 26667 67785 80203 47850 57902 68887 16127 60333 70920 66257 26713
215 14
57345 85451 99274 75230 66489 91887 80511 89190 94955 53445 73349 66100 58909 57002
5079 18
78166 40742 81583 22152 89780 72914 21014 5740 75525 39335 76030 65431 77706 96146 92329 33243 56289 51137
9689 14
99039 25065 20901 99959 82941 52173 52717 57232 41822 26460 92443 99017 24717 16618
1133 20
20708 41625 28103 84375 80544 35861 6023 24559 4635 23045 20269 89093 67618 50898 21741 22869 87020 41188 23940 48670
3631 12
12851 40965 67343 86143 22869 11774 90539 64207 30548 59251 66266 34949
891 19
77788 61413 44791 64491 39858 79752 76477 5752 10855 6322 87948 88916 2533 69921 74930 33768 25101 67375 68095
2508 13
65240 92510 92124 41036 73503 48357 11189 90784 25993 88179 89656 63695 1316
1176 14
46632 63336 91541 17553 91262 35942 57842 92171 84570 58895 7382 85015 80163 38649
4055 10
20119 54818 46505 87860 62326 24286 89428 22090 72834 37116
706 17
68665 10091 28375 20981 1804 13147 90300 9322 21956 10130 20841 27067 2442 33992 96598 2800 15331
5995 18
38772 93790 25136 55937 95170 75261 43298 70761 90526 89458 86189 8454 76006 23802 40256 54699 70187 92649
761 16
3424 83408 344 19086 56569 1932 48972 83109 82130 76379 80 23432 3173 21964 74057 78198
6857 15
9302 98015 86539 61611 62817 87451 63757 18415 68854 86137 59017 716 20089 70698 15612
3622 20
57909 89331 1945 44900 12239 80674 84960 76681 66237 22725 24612 4741 90636 95080 17987 42567 17060 75569 73330 11707
907 10
74734 22820 65743 47831 94303 36274 41567 45218 38694 65891
1878 12
48646 98695 11468 84076 39007 18070 95668 54475 28574 44655 55740 33312
240 20
55689 73126 14528 90766 15674 54767 49892 95355 1622 69742 37891 28567 88217 21367 76683 76863 63303 43496 69382 72409
3623 13
74106 51326 56935 23510 89642 10805 18974 54320 50416 13622 2417 53344 75668
8384 20
24067 34713 4986 81966 84933 27699 15212 37923 45614 71023 67804 84313 89482 67329 69826 76168 79781 54344 90223 29310
2329 12
39794 66853 41841 29778 32615 26570 22363 40712 19110 61537 63990 15360
2429 20
37185 11679 16390 14625 49180 14546 79520 50104 8951 2292 66504 19201 68148 87863 57579 65499 80317 85520 11092 14201
5057 18
20724 52320 56493 69573 27485 51615 27927 10394 26128 56288 91836 37004 37723 92737 54671 35107 30101 98302
4801 14
85702 75340 31314 48752 27033 6454 23200 70761 66706 40202 86630 2688 69639 66669
42 15
83940 93173 64401 65467 8725 75269 27005 4919 10211 75467 37126 89954 72038 5504 29654
1910 16
88359 48246 71281 83784 4959 75890 90245 44994 17618 32105 77121 11762 40637 38706 10968 90311
1830 16
67032 23345 26905 35453 5094 20012 99555 11193 84167 38070 36419 19379 11233 36071 87850 49157
4596 20
52039 30901 37485 54534 48456 94460 44224 43957 47181 33631 43980 8260 94343 92323 39582 33594 76356 53736 67067 20541
5956 18
81811 51647 7784 93419 66314 1566 83263 73217 23111 89882 92215 18497 34372 62969 33959 65480 61150 57377
3707 17
816 10101 73730 766 36584 13629 69122 59239 94335 26731 32128 38976 57803 22587 77984 20909 15299
974 20
95871 81697 18023 34577 29246 44538 81788 59834 50200 5647 2107 52876 90806 36841 50584 8501 75170 59541 52218 18860
1065 19
93966 78289 50281 87160 39346 59899 54970 88148 28543 76483 77947 73016 9836 36080 9015 91882 95946 33295 56400
1109 10
29735 14698 74628 70282 65141 38329 25962 61713 83089 78813
1881 18
80149 47256 75419 83172 78926 82864 96438 47075 9162 64080 94354 83101 78220 85142 16820 16636 34215 4079
7937 20
78805 12807 62239 58431 81827 4329 74379 92731 12068 34861 79984 7517 48712 3518 3015 50105 48614 97092 32944 13847
3817 19
37798 27449 20117 76056 97393 554 84587 24180 1970 99990 99112 84939 88456 12370 99407 35154 59532 88142 23889
9955 19
25906 81418 79603 91437 68997 95477 34016 33800 73413 47250 48544 14402 34552 83193 11631 59542 57289 32652 51468
1036 16
48263 52614 39091 32080 96319 41086 72525 22638 73575 295 42501 27438 55088 92931 68330 46805
7060 18
36746 1094 60798 55985 19290 93846 87369 28890 83866 24698 77052 13396 27679 91064 75704 7246 43941 24093
9391 11
67200 37406 48509 72721 13629 12673 39802 56590 17410 48957 51622
7466 13
58751 87747 24447 85827 13826 38969 39625 16046 55929 20898 92083 71446 13300
4416 18
41730 24180 89933 89128 74895 45290 52954 10018 88200 2452 15752 91576 24001 12537 6304 30739 12644 42419
7142 16
35387 27558 98014 61807 1536 51013 69766 14558 72642 5224 67052 43691 19387 31774 76010 1585
6886 11
73537 58564 63331 96184 34128 27227 5969 98641 18228 31876 9162
6481 17
46836 63549 38835 97550 5972 25419 37282 44018 46228 72894 14720 93625 62572 27942 47001 95828 27742
4355 19
50139 81916 62132 60822 28851 98644 57430 55999 45052 62148 13807 51294 73320 56024 47254 1478 7753 26051 87950
3172 13
93592 63434 71744 79747 47058 8967 49452 11291 64521 60034 9062 43269 96240
5239 20
32705 77922 60645 77807 48604 78457 98401 85295 84346 84253 77815 40472 72887 60165 99630 31060 96215 20909 93034 84030
2470 12
76510 1465 17111 84926 41697 1537 55965 90674 41551 63724 39710 56202
3383 19
79658 36904 671 39015 11404 30985 26786 10833 72027 75276 90489 55303 8050 77159 88326 16736 8105 62133 28849
5590 14
95129 55291 48678 15804 45621 20555 83643 32891 50886 6726 82048 64380 97946 61929
401 20
13769 20960 61483 86633 13170 37875 76985 2236 75380 76566 5896 45239 4749 58449 54414 26745 48257 17057 56920 88244
4750 20
27589 5762 12153 65542 37091 58125 38488 59189 42356 33987 83605 89323 88763 68822 54443 20032 37214 96351 71773 36626
1173 16
28558 92218 16426 38468 76253 36425 61286 78596 3757 14082 98061 80006 20599 20153 16136 43022
4742 18
79458 19146 8825 40125 71519 1743 45484 31916 22189 71030 93082 96223 31598 87984 10573 80334 13207 56443
4343 10
30423 6854 98181 14267 7638 63682 98499 27144 51840 2801
1412 20
84700 16953 6274 22126 59640 48450 91297 15775 89466 95001 52786 88743 20562 80257 758 3804 12127 25377 28802 37952
1538 11
58325 42143 47429 65580 41813 68919 52573 18017 26690 89539 28339
6468 20
52653 5418 81275 93445 43956 45359 84678 39842 33024 12308 38772 60710 2730 29476 68680 3664 70998 15038 85490 6743
5958 18
80130 60812 47287 13552 54633 96072 60735 27937 55717 39305 89182 4648 50632 39710 18850 65932 9834 47833
3678 17
61464 7032 79816 89351 29646 59509 82683 63738 21110 85429 62688 76329 74726 78677 53732 10529 47403
6211 13
31699 68981 98515 75386 71222 46219 72959 66169 33762 20956 78921 27025 34066
3686 20
47652 72494 4589 48373 48264 8515 17946 5290 50903 86381 85782 30454 64481 49658 3504 74785 67725 1455 75781 368
7830 14
51238 85147 41142 89960 52375 66809 50132 7133 64497 77190 43505 83384 21907 34488
3637 16
88626 51291 71024 84656 27755 68597 84154 47957 99429 62546 17408 91186 82504 50052 81107 84024
998 19
73761 87016 13501 10341 84043 62563 62403 5972 84235 47320 88412 48139 528 89149 94734 75094 47095 57320 71692
4374 19
91289 76539 65200 46345 36125 82383 84396 23023 5748 7662 8107 83665 14610 77843 2140 32556 86257 35776 21304
8432 18
38700 48044 98897 30883 2981 5489 87991 29205 84831 31249 8169 23004 21028 23122 93899 85760 57386 66072
7721 16
33616 54039 41527 34319 21145 17005 79874 17921 5501 71475 42970 11979 8986 78564 15502 29237
9573 11
44169 79675 2480 73438 4039 50136 69101 45598 59834 45212 23543
8678 12
24193 83628 10741 26285 50886 21770 38243 91413 71282 89380 9158 55365
6134 20
17304 46847 28511 15130 53746 21341 3 83989 88845 15983 93362 20223 72197 54442 58272 84770 8314 59575 14464 16441
7582 20
1809 47593 57028 47879 82778 20934 71537 29878 62470 16226 48702 84906 21340 33158 88057 77684 74381 91952 69696 37525
2598 13
13580 3615 81761 72870 47813 85206 77400 69476 27840 1537 64464 86608 30837
5360 19
1845 43051 55642 82605 91915 31018 66546 73095 18325 20416 56856 59857 54788 22487 56937 33065 69020 20246 76585
9323 15
96985 89145 91919 74911 32041 75862 58795 83574 56860 48421 64935 59722 56664 94495 79555
4781 17
82957 79472 59558 18917 33718 58752 22539 91706 59962 51238 2412 73475 81073 94454 94795 51071 31469
239 15
41516 18200 9766 1599 98361 12443 73369 37133 70868 71350 72392 89876 82499 18522 49031
3575 19
13730 23965 87913 43838 91824 25939 9800 26319 417 90036 25555 18291 3658 41173 45751 66158 47007 12450 141
3331 13
13829 33693 22790 87848 10894 82845 34050 65361 47058 37966 54908 69768 96228
7108 15
12876 90784 54978 7068 17639 48577 33285 52131 84838 74552 31126 5157 6588 99096 68338
358 14
92882 25027 17648 24525 72306 74558 99987 71018 69733 80552 26921 13196 61764 82429
543 17
31781 41736 12440 46859 80110 44293 725 58559 19853 37868 38004 46146 5696 79899 64299 27322 4937
6765 19
69687 4950 38665 33094 91778 83389 92120 82728 88955 15004 81792 45255 65380 51490 38382 94960 67987 28933 21043
5451 10
98744 96027 43091 84604 66624 79931 97843 84441 11394 24619
8933 17
96832 15618 51725 24853 13356 83958 7347 28327 55138 13688 72257 56987 80083 89813 88991 12602 81761
8531 20
51681 29678 1931 30210 63130 76901 81979 65222 95539 36051 18210 47191 98543 45256 52444 87376 64312 36364 179 31881
7076 11
50088 56881 57314 29780 18364 38997 6424 90988 18119 16937 14181
3837 17
48163 81538 22974 52789 62685 98230 77213 25504 64117 89564 9470 91342 77605 64520 1730 27601 76390
6913 18
77077 28372 53882 14559 64705 46861 83790 46107 5856 16714 39853 47134 7138 33046 36458 15183 90774 87433
2943 20
61497 35038 68857 90985 19155 8051 4916 14627 44522 11954 34734 89074 36728 38998 68429 10040 42824 56395 48077 56722
5687 18
71188 99532 64527 77519 57895 1309 16767 56915 80350 82885 93903 40386 12006 17174 26971 24711 20019 11163
7445 10
15917 33977 34472 15716 54006 80625 84320 19351 85554 80365
9911 18
21567 53222 35153 4393 16947 22964 31495 23834 60879 10230 9623 72497 244 86125 1380 98925 30592 80577
7568 15
95150 65272 1043 84207 6727 62233 74596 47483 90270 13940 17092 99280 62643 98554 27999
4892 14
27342 41906 42322 23298 67902 62575 67747 84002 53588 91660 92278 99600 50779 11386
2730 20
63811 40990 18595 35101 70104 17174 91768 66784 12548 71854 27652 13444 67025 93833 18560 8906 76645 54344 60416 48575
248 17
7283 63932 99836 42673 41047 71460 84520 31765 33656 14983 45880 9102 4364 41711 21590 42868 10590
1008 18
78428 31576 84098 52669 78515 16964 96445 57938 27054 56557 49419 27777 13092 65480 46188 51508 2818 95842
